CID	Activity	MolecularWeight	HeavyAtomCount	RotatableBondCount	Complexity	XLogP	TPSA	HBondDonorCount	HBondAcceptorCount
3213	Inactive	246.310000	19	0	342.0	4.800	28.7	1	1
6279	Active	386.500000	28	3	767.0	4.100	60.4	0	4
10607	Active	414.400000	30	4	629.0	2.000	92.7	1	8
31401	Inactive	392.600000	28	4	605.0	4.900	77.8	3	4
63052	Active	377.400000	27	1	793.0	1.300	101.0	3	5
72512	Inactive	276.300000	21	1	387.0	4.800	37.9	1	2
192254	Inactive	378.500000	27	3	591.0	4.6	77.8	3	4
444036	Active	500.600000	34	6	984.0	4.000	106.0	1	9
674359	Active	346.400000	25	2	516.0	4.1	70.2	1	3
674360	Active	346.400000	25	2	516.0	4.1	70.2	1	3
1043068	Inactive	364.500000	27	7	473.0	3.6	42.8	1	3
3463734	Active	328.400000	23	5	480.0	3.8	70.3	2	3
3699263	Active	383.300000	24	5	525.0	4.7	70.3	2	3
3728357	Active	383.300000	24	5	525.0	4.7	70.3	2	3
3775934	Active	356.500000	25	7	508.0	4.700	70.3	2	3
3789969	Active	383.300000	24	5	525.0	4.7	70.3	2	3
3816305	Active	370.500000	26	6	556.0	5.100	70.3	2	3
3832779	Active	390.500000	28	6	588.0	5.0	70.3	2	3
3854781	Active	376.900000	25	5	550.0	4.8	70.3	2	3
3865491	Active	383.300000	24	5	515.0	4.800	70.3	2	3
4686093	Active	348.800000	23	5	493.0	4.0	70.3	2	3
5006871	Active	348.800000	23	5	485.0	4.200	70.3	2	3
5185174	Active	356.500000	25	6	520.0	4.5	70.3	2	3
5281004	Active	430.500000	31	4	862.0	2.5	93.1	2	6
5311505	Active	449.600000	33	5	836.0	3.2	60.8	2	4
6439929	Active	312.400000	23	0	640.0	3.9	34.1	0	2
6450278	Active	312.400000	23	0	640.0	3.9	34.1	0	2
7275458	Active	331.500000	23	6	439.0	4.7	54.6	1	3
9577221	Active	449.600000	33	5	867.0	3.2	68.1	1	5
9802231	Active	420.500000	31	4	656.0	5.6	38.0	1	4
9805004	Active	476.400000	34	5	845.0	4.3	97.2	2	9
9808265	Active	576.300000	33	8	659.0	7.1	72.8	1	5
9820084	Active	356.500000	25	5	532.0	4.5	70.3	2	3
9821393	Active	383.500000	29	2	622.0	5.6	30.5	1	3
9822150	Active	397.500000	30	1	712.0	6.5	21.3	1	3
9823099	Active	414.600000	31	3	888.0	4.8	37.3	1	2
9825465	Active	459.600000	33	5	711.0	6.3	65.0	1	5
9825650	Active	463.500000	33	5	947.0	2.400	113.0	3	7
9826255	Active	476.400000	31	2	693.0	6.7	30.5	1	3
9839134	Active	296.301000	22	1	498.0	3.1	62.1	1	4
9846657	Active	452.400000	31	2	687.0	6.9	30.5	1	3
9854142	Active	850.200000	62	11	1870.0	7.7	128.0	4	8
9854489	Active	538.600000	37	6	1080.0	4.800	119.0	1	10
9863751	Active	361.500000	27	3	595.0	5.3	30.5	1	3
9882789	Active	300.400000	22	2	489.0	3.2	60.7	3	3
9885473	Active	365.500000	28	1	641.0	6.1	21.3	1	2
9888873	Active	429.500000	32	7	665.0	4.9	75.6	2	4
9890023	Active	451.500000	33	2	750.0	6.5	30.5	1	6
9904610	Active	305.730000	21	1	417.0	4.0	38.3	1	3
9906282	Active	347.400000	26	3	569.0	5.1	30.5	1	3
9908041	Active	383.500000	29	1	682.0	6.2	21.3	1	3
9911589	Active	450.300000	29	4	672.0	5.0	73.0	1	5
9925244	Active	363.500000	27	4	557.0	5.7	30.5	1	3
9933936	Active	460.300000	28	4	633.0	4.4	73.0	1	5
9933946	Active	460.400000	33	4	786.0	4.9	88.0	2	8
9943699	Active	284.300000	20	1	456.0	3.0	90.4	1	4
9950357	Active	351.500000	25	6	486.0	5.1	46.6	1	3
9951771	Active	379.500000	29	1	676.0	6.4	21.3	1	2
9952569	Active	395.500000	28	4	633.0	4.1	73.0	1	5
9953456	Active	411.600000	28	0	682.0	5.7	71.9	1	5
9969737	Active	375.500000	28	2	608.0	5.8	30.5	1	3
9969849	Active	377.500000	28	4	615.0	5.0	39.7	1	4
9980041	Active	428.900000	29	3	642.0	5.7	66.3	1	4
9993897	Active	282.260000	20	0	460.0	2.5	41.1	2	5
9998996	Active	366.500000	27	5	571.0	5.0	38.0	1	3
9999068	Active	367.900000	26	2	589.0	5.4	41.5	2	3
9999671	Active	377.500000	28	7	553.0	5.4	30.5	1	3
10001914	Active	415.600000	30	7	567.0	6.4	46.6	1	3
10002879	Active	431.800000	26	6	559.0	5.8	70.3	2	3
10002931	Active	432.500000	32	5	671.0	5.5	47.3	1	4
10021634	Active	363.500000	27	7	527.0	5.2	30.5	1	3
10024990	Active	417.700000	25	5	557.0	5.3	70.3	2	3
10026120	Active	438.400000	31	6	684.0	4.5	62.1	1	7
10026128	Active	438.500000	32	4	768.0	5.1	62.4	1	5
10044332	Active	364.500000	27	2	594.0	4.0	60.7	3	3
10046928	Active	406.500000	30	3	649.0	5.100	38.0	1	4
10048339	Active	430.500000	31	3	710.0	5.5	66.3	1	4
10064248	Active	314.400000	23	2	532.0	3.4	60.7	3	3
10067481	Active	366.400000	27	2	585.0	3.2	77.8	3	4
10068183	Active	377.500000	28	7	553.0	5.7	30.5	1	3
10070722	Active	419.600000	31	7	594.0	7.2	30.5	1	3
10070808	Active	421.500000	31	1	701.0	6.5	21.3	1	5
10070842	Active	422.000000	29	5	571.0	6.6	46.6	1	3
10071426	Active	431.800000	26	5	574.0	5.7	70.3	2	3
10071810	Active	438.400000	31	6	684.0	4.5	62.7	1	9
10072320	Active	448.000000	32	7	635.0	6.6	30.5	1	3
10090072	Active	362.900000	24	5	522.0	4.4	70.3	2	3
10091351	Active	383.300000	24	5	515.0	4.7	70.3	2	3
10092463	Active	401.500000	30	2	710.0	5.7	30.5	1	3
10094808	Active	440.600000	31	8	651.0	6.8	70.3	2	3
10110007	Active	375.500000	26	7	547.0	4.4	73.0	1	5
10110771	Active	387.500000	26	4	593.0	3.4	101.0	1	6
10111302	Active	395.500000	28	5	613.0	4.1	73.0	1	5
10113229	Active	426.300000	27	3	603.0	5.7	30.5	1	3
10125859	Active	335.400000	25	2	528.0	4.8	30.5	1	3
10125966	Active	345.400000	26	2	615.0	4.5	30.5	1	3
10126018	Active	349.500000	26	2	554.0	5.3	30.5	1	3
10126196	Active	363.500000	27	3	569.0	5.6	30.5	1	3
10126475	Active	384.400000	27	6	479.0	6.1	29.5	1	6
10126476	Active	384.400000	27	6	471.0	6.1	29.5	1	6
10126871	Active	409.400000	29	6	555.0	5.9	45.2	2	6
10126940	Active	413.400000	29	6	602.0	5.6	53.2	1	8
10127159	Active	427.400000	30	6	586.0	6.0	45.2	2	7
10127269	Active	434.500000	31	6	593.0	7.4	29.5	1	6
10127340	Active	439.300000	28	6	507.0	7.0	29.5	1	6
10127593	Active	456.500000	34	7	766.0	5.1	88.0	2	5
10127709	Active	462.600000	34	7	766.0	6.3	88.0	2	5
10128037	Active	482.300000	30	5	616.0	6.5	45.2	2	5
10128352	Active	505.600000	38	8	806.0	6.5	75.6	2	4
10131608	Active	331.400000	25	4	422.0	5.100	30.5	1	3
10134499	Active	382.400000	27	4	608.0	2.7	85.9	1	6
10136854	Active	419.500000	31	2	687.0	5.8	30.5	1	5
10138737	Active	449.500000	31	5	705.0	5.3	101.0	1	6
10150743	Active	398.400000	28	6	497.0	6.5	29.5	1	6
10150825	Active	403.400000	29	5	581.0	5.900	45.2	2	5
10150851	Active	404.800000	27	6	485.0	6.4	29.5	1	6
10151165	Active	427.400000	30	6	586.0	6.0	45.2	2	7
10151186	Active	428.400000	31	5	703.0	5.600	69.0	2	6
10151357	Active	439.300000	28	6	517.0	7.0	29.5	1	6
10151473	Active	445.500000	33	7	703.0	4.5	95.9	3	5
10152035	Active	479.600000	36	7	789.0	6.1	75.6	2	4
10156793	Active	383.400000	28	4	620.0	6.0	30.5	1	5
10157532	Active	395.500000	28	5	613.0	4.1	73.0	1	5
10158491	Active	410.500000	29	5	644.0	3.6	76.2	1	6
10160645	Active	443.500000	33	5	708.0	5.5	49.0	1	5
10162430	Active	473.500000	34	6	756.0	5.3	82.2	1	6
10163106	Active	484.600000	35	9	759.0	5.7	74.9	1	5
10167930	Active	616.700000	44	12	984.0	5.3	123.0	2	9
10172897	Active	395.400000	28	6	571.0	5.5	53.2	1	7
10173217	Active	415.500000	31	6	650.0	4.6	75.6	2	4
10173354	Active	423.400000	30	6	584.0	6.3	45.2	2	6
10173525	Active	435.600000	32	7	665.0	6.000	75.6	2	4
10173634	Active	443.500000	33	8	679.0	5.2	75.6	2	4
10173659	Active	445.500000	33	7	703.0	4.5	95.9	3	5
10174141	Active	477.500000	35	7	774.0	5.0	95.9	3	6
10177869	Active	381.400000	27	4	598.0	2.9	84.0	2	5
10177943	Active	382.400000	27	4	608.0	2.7	85.9	1	6
10178295	Active	387.500000	27	4	598.0	4.4	73.0	1	5
10179031	Active	399.400000	28	4	639.0	3.8	73.0	1	6
10180123	Active	415.900000	28	4	631.0	4.4	73.0	1	5
10189211	Active	615.800000	44	14	912.0	5.9	88.7	1	8
10193599	Active	349.500000	26	3	542.0	5.2	30.5	1	3
10193967	Active	378.500000	28	4	587.0	4.3	33.7	1	4
10194268	Active	398.400000	28	8	474.0	6.5	29.5	1	6
10194607	Active	420.400000	30	6	564.0	7.0	29.5	1	6
10194889	Active	436.400000	31	7	588.0	5.700	54.4	2	8
10195783	Active	491.500000	36	7	795.0	5.300	95.9	3	6
10210815	Active	600.600000	42	12	963.0	5.8	114.0	2	11
10215978	Active	388.400000	27	6	482.0	5.9	29.5	1	7
10216152	Active	400.400000	28	7	489.0	5.7	38.7	1	7
10216465	Active	418.800000	28	6	513.0	6.7	29.5	1	6
10216535	Active	423.400000	30	6	584.0	6.3	45.2	2	6
10216536	Active	423.400000	30	6	584.0	6.3	45.2	2	6
10216697	Active	434.500000	31	6	593.0	7.4	29.5	1	6
10216788	Active	439.300000	28	6	507.0	7.0	29.5	1	6
10217420	Active	477.500000	35	7	774.0	5.0	95.9	3	6
10221941	Active	389.500000	29	2	622.0	6.3	30.5	1	3
10222329	Active	395.500000	28	4	625.0	4.1	73.0	1	5
10223284	Active	410.500000	29	5	652.0	3.7	85.0	2	6
10223610	Active	415.900000	28	4	639.0	4.4	73.0	1	5
10224296	Active	426.300000	27	3	616.0	5.5	30.5	1	3
10233467	Active	668.800000	48	16	1090.0	5.3	116.0	2	7
10237223	Active	370.400000	26	6	446.0	5.8	29.5	1	6
10238100	Active	427.400000	30	6	586.0	6.0	45.2	2	7
10238297	Active	439.300000	28	6	517.0	7.0	29.5	1	6
10238624	Active	463.500000	34	7	739.0	4.6	95.9	3	6
10238831	Active	477.400000	33	6	668.0	6.8	45.2	2	9
10238961	Active	485.600000	36	8	772.0	6.500	75.6	2	4
10247253	Active	349.500000	26	6	512.0	4.7	30.5	1	3
10252455	Active	436.000000	30	6	588.0	6.7	57.6	2	3
10252527	Active	437.400000	31	6	680.0	5.3	49.8	1	8
10269831	Active	359.400000	27	4	504.0	4.4	47.6	1	3
10271193	Active	381.400000	27	4	598.0	3.7	73.0	1	5
10271557	Active	387.500000	26	4	593.0	3.400	101.0	1	6
10272127	Active	397.400000	28	4	635.0	3.4	93.2	2	6
10272405	Active	401.500000	30	5	719.0	5.1	39.7	1	4
10272529	Active	403.500000	30	6	671.0	5.7	39.7	1	4
10274504	Active	433.500000	30	4	687.0	5.1	92.0	1	5
10275888	Active	453.500000	32	7	744.0	3.9	99.3	1	7
10283096	Active	652.700000	46	12	1070.0	5.5	123.0	2	11
10286964	Active	361.500000	27	4	583.0	5.4	30.5	1	3
10287444	Active	395.400000	28	6	563.0	5.5	53.2	1	7
10287863	Active	420.400000	30	6	564.0	7.0	29.5	1	6
10288006	Active	429.800000	29	6	605.0	6.1	53.2	1	7
10288155	Active	439.300000	28	6	517.0	7.0	29.5	1	6
10288565	Active	463.500000	34	9	681.0	5.700	67.8	2	6
10288784	Active	477.500000	35	8	754.0	4.9	84.9	2	6
10289020	Active	490.500000	36	7	842.0	4.9	108.0	3	7
10291237	Active	345.400000	26	3	490.0	3.9	47.6	1	3
10294824	Active	407.500000	31	4	597.0	5.6	47.6	1	3
10295095	Active	411.500000	29	5	650.0	3.7	82.2	1	6
10295116	Active	411.500000	31	2	677.0	6.3	30.5	1	3
10296963	Active	439.500000	31	7	672.0	4.4	82.2	1	6
10297219	Active	443.500000	32	5	710.0	5.3	73.0	1	5
10298892	Active	470.600000	35	4	811.0	5.4	60.0	1	5
10309447	Active	384.400000	27	6	479.0	6.1	29.5	1	6
10309755	Active	404.800000	27	6	477.0	6.4	29.5	1	6
10309756	Active	404.800000	27	6	485.0	6.4	29.5	1	6
10310476	Active	449.300000	27	6	485.0	6.4	29.5	1	6
10310809	Active	469.500000	34	7	739.0	5.800	95.9	3	6
10311251	Active	496.600000	36	7	842.0	6.0	108.0	3	7
10313926	Active	320.400000	24	0	592.0	3.8	45.0	1	4
10316069	Active	353.500000	27	1	575.0	5.6	21.3	1	2
10316670	Active	363.500000	27	6	539.0	4.9	30.5	1	3
10317646	Active	380.500000	27	3	593.0	4.2	66.3	1	4
10318044	Active	387.500000	28	5	539.0	6.0	46.6	1	3
10319739	Active	416.500000	31	4	652.0	5.9	38.0	1	3
10323216	Active	488.500000	35	6	847.0	5.9	88.0	2	8
10325323	Active	552.600000	38	4	1170.0	3.900	124.0	1	10
10339694	Active	379.600000	27	5	525.0	5.7	46.6	1	3
10340204	Active	387.900000	28	1	608.0	6.3	21.3	1	2
10342379	Active	425.600000	32	7	648.0	6.2	30.5	1	3
10361560	Active	366.500000	27	2	542.0	4.6	60.7	3	3
10362274	Active	378.400000	28	3	605.0	4.1	51.2	1	4
10362453	Active	381.600000	27	7	501.0	6.1	46.6	1	3
10365592	Active	433.600000	31	7	602.0	6.5	46.6	1	4
10366372	Active	448.000000	32	7	635.0	6.6	30.5	1	3
10372181	Active	659.800000	47	18	1040.0	5.3	143.0	3	9
10384345	Active	367.500000	27	6	547.0	4.8	30.5	1	4
10384804	Active	374.500000	26	5	567.0	4.6	70.3	2	4
10386584	Active	405.500000	30	5	668.0	4.4	62.6	2	4
10386752	Active	408.500000	29	3	651.0	4.9	66.3	1	4
10388043	Active	431.500000	32	7	629.0	6.1	30.5	1	4
10406413	Active	363.400000	27	3	600.0	4.7	50.7	2	4
10407417	Active	380.500000	27	3	593.0	4.2	66.3	1	4
10410448	Active	430.500000	31	3	710.0	5.5	66.3	1	4
10411364	Active	448.000000	32	7	627.0	6.6	30.5	1	3
10428095	Active	352.400000	26	4	556.0	4.7	38.0	1	3
10428171	Active	353.500000	25	6	461.0	5.3	46.6	1	3
10429332	Active	371.900000	25	5	506.0	5.4	57.6	2	3
10429502	Active	374.500000	27	2	754.0	2.100	94.8	3	5
10440737	Active	886.200000	63	18	1610.0	7.8	174.0	5	10
10446402	Active	280.400000	20	1	459.0	4.1	64.1	1	3
10450619	Active	351.500000	25	6	486.0	5.1	46.6	1	3
10450738	Active	353.500000	26	2	528.0	3.2	73.6	3	4
10452933	Active	389.500000	29	3	613.0	4.0	50.9	1	4
10453115	Active	392.400000	29	3	626.0	4.600	38.0	1	4
10454007	Active	406.500000	30	3	641.0	5.100	38.0	1	4
10454813	Active	420.500000	31	3	678.0	5.5	38.0	1	4
10456872	Active	458.600000	34	5	731.0	7.2	38.0	1	3
10457600	Active	474.500000	34	5	832.0	5.4	88.0	2	8
10472575	Active	342.500000	25	4	614.0	4.3	37.3	1	2
10473865	Active	362.900000	24	5	522.0	4.4	70.3	2	3
10474093	Active	366.500000	27	3	530.0	4.8	60.7	3	3
10474264	Active	369.500000	26	6	520.0	5.2	46.6	1	4
10474749	Active	377.500000	28	6	575.0	5.6	30.5	1	3
10475384	Active	388.500000	29	3	610.0	5.000	38.0	1	3
10475688	Active	393.600000	28	5	539.0	6.3	46.6	1	3
10475742	Active	394.500000	28	3	607.0	4.7	66.3	1	4
10478173	Active	436.500000	32	4	697.0	5.100	47.3	1	5
10478638	Active	444.600000	32	3	724.0	6.1	66.3	1	4
10484201	Active	634.700000	45	16	971.0	4.5	154.0	4	10
10503520	Active	446.400000	29	1	645.0	6.7	21.3	1	2
10596252	Active	385.500000	29	1	645.0	6.1	21.3	1	3
10598305	Active	422.300000	29	1	649.0	6.9	21.3	1	2
10622594	Active	432.400000	28	1	608.0	6.3	21.3	1	2
10643956	Active	387.900000	28	1	616.0	6.3	21.3	1	2
10668755	Active	401.400000	30	1	716.0	6.3	21.3	1	4
10717098	Active	422.300000	29	1	639.0	6.9	21.3	1	2
10741366	Active	432.400000	28	1	616.0	6.3	21.3	1	2
10763832	Active	405.900000	29	1	651.0	6.4	21.3	1	3
10787258	Active	401.900000	29	1	645.0	6.6	21.3	1	2
10811045	Active	401.400000	30	1	716.0	6.3	21.3	1	4
10832792	Active	367.500000	28	1	602.0	6.0	21.3	1	2
10860931	Active	346.500000	26	3	569.0	5.1	33.3	2	3
10873317	Active	411.500000	31	2	727.0	7.0	21.3	1	3
10883247	Active	373.500000	28	4	639.0	5.8	30.5	1	3
10906030	Active	426.300000	27	3	603.0	5.7	30.5	1	3
10906044	Active	426.500000	32	2	759.0	6.3	24.5	1	4
10937849	Active	383.500000	29	1	676.0	6.2	21.3	1	3
10960295	Active	397.500000	30	1	712.0	6.5	21.3	1	3
10970905	Active	379.400000	28	4	630.0	4.400	56.8	1	5
10972344	Active	446.800000	27	2	623.0	6.0	41.5	2	3
10993685	Active	429.500000	31	2	733.0	6.7	46.6	1	4
11002535	Active	347.400000	26	3	569.0	4.2	41.5	2	3
11003946	Active	402.500000	30	5	723.0	4.8	63.5	1	5
11013870	Active	361.500000	27	4	583.0	4.7	30.5	1	3
11013871	Active	361.500000	27	3	597.0	5.4	30.5	1	3
11015162	Active	413.500000	31	2	731.0	6.1	30.5	1	4
11025398	Active	383.500000	29	1	676.0	6.2	21.3	1	3
11046701	Active	363.500000	26	3	571.0	5.6	46.6	1	3
11057125	Active	346.500000	26	3	569.0	3.9	47.3	2	3
11057924	Active	377.500000	28	4	615.0	4.2	50.7	2	4
11069511	Active	405.500000	30	5	701.0	4.9	56.8	1	5
11079263	Active	373.400000	28	1	672.0	5.3	34.4	1	4
11089159	Active	342.400000	26	2	642.0	4.8	45.0	1	3
11089468	Active	351.900000	25	2	556.0	5.7	21.3	1	2
11110616	Active	341.400000	26	3	638.0	5.3	21.3	1	2
11110815	Active	347.400000	26	2	581.0	5.0	30.5	1	3
11121575	Active	347.400000	26	2	581.0	5.0	30.5	1	3
11131414	Active	333.400000	25	2	554.0	4.7	41.5	2	3
11132273	Active	365.400000	27	3	603.0	5.2	30.5	1	4
11143041	Inactive	364.500000	26	2	577.0	4.3	77.8	3	4
11155441	Active	461.600000	33	4	782.0	5.1	88.2	2	6
11177172	Active	404.500000	30	3	649.0	4.7	58.3	2	4
11201812	Active	452.500000	32	7	630.0	6.3	58.1	2	7
11212626	Active	432.400000	31	4	756.0	3.8	88.0	2	8
11213029	Active	447.500000	32	3	767.0	4.500	99.2	3	6
11213179	Active	453.600000	34	3	793.0	6.8	50.7	2	4
11225369	Active	479.500000	34	6	688.0	5.3	61.4	2	8
11226313	Active	528.600000	37	5	894.0	5.9	91.0	3	9
11244720	Active	340.400000	25	2	540.0	4.100	38.0	1	3
11256303	Active	340.400000	25	1	554.0	3.2	36.3	0	4
11269006	Active	380.500000	28	5	597.0	5.4	38.0	1	3
11271731	Active	487.600000	37	3	873.0	7.3	50.7	2	4
11272042	Active	502.600000	36	5	902.0	6.0	101.0	2	7
11273833	Active	661.500000	42	12	966.0	6.3	114.0	2	10
11279959	Active	363.400000	26	2	605.0	2.6	95.3	1	4
11281576	Active	420.500000	31	3	685.0	5.300	38.0	1	4
11282486	Active	456.500000	33	6	658.0	4.3	94.9	3	8
11282904	Active	474.600000	34	3	871.0	5.3	112.0	3	7
11291999	Active	382.500000	28	7	541.0	4.5	58.1	2	4
11293264	Active	427.500000	32	2	753.0	5.3	71.0	3	5
11302609	Active	352.400000	26	2	617.0	3.5	36.3	0	4
11304445	Active	411.400000	29	6	562.0	4.5	71.0	2	8
11304952	Active	429.500000	32	2	764.0	5.8	50.7	2	5
11305564	Active	454.500000	33	4	730.0	5.200	47.3	1	6
11316115	Active	420.500000	31	3	737.0	5.0	36.3	0	4
11327284	Active	408.400000	29	5	570.0	5.600	48.9	2	6
11327341	Active	410.400000	29	6	559.0	4.4	47.3	1	7
11330644	Active	576.700000	41	4	1130.0	5.8	96.5	2	8
11336351	Active	326.400000	24	1	540.0	2.9	36.3	0	4
11350176	Active	402.500000	30	2	687.0	4.4	36.3	0	4
11375176	Active	486.600000	36	3	913.0	4.6	84.2	2	6
11377050	Active	617.100000	42	12	966.0	6.3	114.0	2	10
11384310	Active	410.400000	29	6	559.0	4.5	47.3	1	7
11384346	Active	411.400000	29	6	562.0	4.3	71.0	2	8
11410199	Active	546.600000	39	12	842.0	5.5	114.0	2	8
11416730	Active	347.400000	26	2	602.0	2.000	80.2	1	4
11429662	Active	406.500000	30	3	641.0	5.100	38.0	1	4
11430241	Active	426.500000	32	2	762.0	5.1	63.6	2	5
11430586	Active	439.500000	33	3	765.0	6.5	50.7	2	4
11442368	Active	452.600000	33	7	690.0	6.9	36.3	0	4
11444034	Active	536.600000	39	7	831.0	6.7	62.2	2	6
11444087	Active	540.600000	40	3	1010.0	6.1	71.0	2	6
11453933	Active	459.600000	33	3	838.0	5.1	96.0	2	6
11454745	Active	495.500000	36	3	863.0	6.9	60.0	2	8
11463839	Active	404.500000	30	3	641.0	4.7	58.3	2	4
11474124	Active	368.500000	27	3	577.0	5.3	38.0	1	3
11474917	Active	395.400000	28	5	544.0	4.2	61.8	2	7
11475733	Active	422.900000	30	3	643.0	5.7	38.0	1	3
11477616	Active	503.600000	37	6	861.0	5.4	69.2	2	7
11495227	Active	410.400000	29	6	559.0	4.8	58.1	2	7
11495549	Active	424.500000	29	5	652.0	5.600	70.3	2	6
11504875	Inactive	544.700000	39	11	1110.0	5.8	118.0	2	7
11516847	Active	398.500000	29	7	550.0	5.5	58.1	2	4
11517391	Active	421.000000	30	3	699.0	7.1	44.9	2	2
11538472	Active	395.400000	28	5	544.0	4.3	61.8	2	7
11545475	Active	384.500000	27	6	565.0	4.3	76.7	1	5
11548068	Active	516.600000	37	7	889.0	6.7	88.0	2	8
11558794	Active	320.740000	22	3	590.0	3.1	62.1	1	5
11560003	Active	382.500000	28	7	541.0	4.5	58.1	2	4
11567352	Active	392.900000	28	3	634.0	6.3	44.9	2	2
11567630	Active	404.800000	27	6	477.0	6.4	29.5	1	6
11568433	Active	442.500000	32	6	629.0	7.2	45.2	2	6
11571692	Active	1136.500000	80	12	2260.0	6.800	247.0	7	18
11585049	Inactive	578.700000	41	12	1130.0	3.5	158.0	4	9
11589982	Active	427.500000	29	6	561.0	5.7	70.6	1	8
11590471	Active	449.500000	31	5	776.0	5.300	94.1	2	7
11591199	Active	486.500000	35	5	888.0	5.4	88.0	2	8
11595527	Active	352.900000	25	1	536.0	5.3	44.9	2	2
11596392	Active	396.500000	29	7	555.0	5.0	58.1	2	4
11596794	Active	414.500000	30	5	585.0	6.2	45.2	2	6
11611666	Active	428.500000	31	5	614.0	6.7	45.2	2	6
11613022	Active	500.500000	36	5	904.0	6.0	88.0	2	8
11613420	Active	528.600000	38	5	933.0	7.1	88.0	2	8
11631740	Active	354.900000	25	1	498.0	5.000	48.0	3	2
11640164	Active	410.400000	29	6	559.0	4.8	58.1	2	7
11640246	Active	414.500000	30	5	585.0	6.3	45.2	2	6
11646689	Active	384.500000	28	7	515.0	5.1	58.1	2	4
11653520	Active	366.900000	26	1	575.0	5.7	44.9	2	2
11655053	Active	438.400000	31	6	684.0	4.2	62.7	1	9
11661172	Active	394.400000	28	5	541.0	5.2	48.9	2	6
11663141	Active	488.500000	35	5	860.0	5.7	88.0	2	8
11663523	Active	514.500000	37	5	918.0	6.5	88.0	2	8
11667800	Active	368.900000	26	1	536.0	5.6	48.0	3	2
11668984	Active	422.400000	30	5	666.0	4.6	53.4	1	8
11690269	Active	419.400000	30	5	663.0	5.2	60.8	2	7
11696378	Active	370.500000	27	7	489.0	4.6	58.1	2	4
11697882	Active	439.900000	30	5	623.0	4.8	71.0	2	7
11699191	Active	514.500000	37	5	918.0	6.5	88.0	2	8
11710962	Active	395.400000	28	5	544.0	4.7	61.8	2	7
11728656	Active	381.900000	27	3	603.0	5.7	30.5	1	3
11731863	Active	389.500000	28	1	674.0	5.8	49.5	1	4
11733546	Active	480.600000	35	3	905.0	3.600	95.6	3	6
11741168	Active	391.400000	27	6	516.0	3.3	49.8	1	8
11741840	Active	402.500000	30	4	625.0	5.5	38.0	1	3
11741891	Active	403.400000	29	5	630.0	5.6	40.5	1	6
11743259	Active	427.400000	30	6	573.0	5.4	41.9	1	8
11747706	Active	272.400000	20	0	528.0	1.8	37.3	1	2
11750204	Active	410.400000	29	6	559.0	4.8	58.1	2	7
11752131	Active	487.500000	36	2	891.0	5.3	69.2	2	7
11752649	Active	515.500000	36	3	893.0	5.7	99.2	3	9
11757239	Active	548.700000	40	9	1130.0	2.2	124.0	4	7
11771756	Active	326.400000	24	2	502.0	3.9	38.0	1	3
11774868	Active	434.400000	31	6	676.0	5.6	69.0	2	7
12085089	Active	417.400000	29	5	650.0	4.7	73.0	1	7
13278723	Active	432.600000	31	3	893.0	4.2	62.6	1	3
15298636	Active	541.700000	37	4	1070.0	4.900	141.0	2	8
15463551	Active	468.400000	33	7	745.0	5.2	80.2	2	10
15984936	Active	498.900000	34	5	849.0	5.3	88.0	2	9
16049465	Active	467.600000	33	7	738.0	4.8	97.3	2	7
16099227	Active	419.500000	29	6	569.0	4.4	49.8	1	8
16099231	Active	407.400000	28	6	506.0	4.3	41.9	1	8
16099232	Active	415.400000	29	6	664.0	4.6	49.8	1	8
16099234	Active	425.500000	30	6	570.0	6.0	32.7	1	7
16099236	Active	405.400000	29	5	633.0	4.8	60.8	2	7
16099237	Active	419.400000	30	5	663.0	5.2	60.8	2	7
16099238	Active	431.400000	31	5	707.0	5.2	49.8	1	7
16099240	Active	423.400000	30	5	665.0	4.9	60.8	2	8
16099245	Active	407.400000	28	6	506.0	4.3	41.9	1	8
16099246	Active	388.400000	27	6	503.0	4.3	47.3	1	7
16099247	Active	439.400000	31	6	641.0	5.1	49.8	1	8
16099248	Active	410.400000	29	6	559.0	4.9	47.3	1	7
16099249	Active	389.400000	28	5	595.0	5.2	40.5	1	6
16099250	Active	421.400000	30	5	662.0	5.7	40.5	1	7
16099251	Active	433.500000	31	6	678.0	5.5	49.8	1	7
16099252	Active	423.400000	30	5	665.0	4.9	60.8	2	8
16099253	Active	409.400000	29	5	691.0	4.5	49.8	1	7
16099254	Active	399.400000	28	5	646.0	5.0	40.5	1	7
16220168	Active	363.400000	26	2	582.0	2.6	107.0	1	6
16661702	Active	393.800000	27	4	546.0	5.0	30.3	0	6
16665286	Active	462.600000	33	7	721.0	5.8	84.4	2	5
16665289	Active	450.600000	32	7	698.0	3.7	110.0	2	7
16665374	Active	483.000000	33	7	727.0	6.0	84.4	2	5
16665449	Active	510.600000	36	8	829.0	4.7	102.0	2	7
16665451	Active	576.600000	40	9	939.0	5.8	111.0	2	10
16665452	Active	524.600000	37	9	845.0	3.2	137.0	2	9
16665453	Active	494.600000	35	8	798.0	2.9	128.0	2	8
16665528	Active	517.600000	37	8	919.0	4.3	126.0	2	7
16665533	Active	494.600000	35	8	771.0	6.5	84.4	2	6
16665605	Active	483.600000	33	7	728.0	6.0	97.7	1	6
16665606	Active	515.600000	35	7	915.0	4.8	115.0	1	7
16665608	Active	465.600000	33	7	724.0	6.100	72.4	1	5
16666385	Active	467.600000	33	7	728.0	5.5	81.6	1	6
16666386	Active	466.600000	33	7	727.0	5.5	84.4	2	6
16666470	Active	478.600000	34	8	740.0	5.4	93.6	2	6
16666472	Active	448.600000	32	7	693.0	5.4	84.4	2	5
16721017	Active	493.600000	37	4	1040.0	3.7	49.8	1	4
16722203	Active	511.600000	38	4	1080.0	3.8	49.8	1	5
16730097	Active	561.600000	41	4	1170.0	4.5	49.8	1	7
16734800	Active	422.800000	29	3	554.0	6.5	17.8	0	6
16739323	Active	431.600000	32	3	925.0	2.4	49.8	1	4
16756780	Active	328.400000	24	4	376.0	4.3	58.9	2	4
17758014	Active	528.700000	38	3	960.0	5.700	99.3	2	6
17758132	Active	442.500000	32	2	845.0	5.100	103.0	2	6
17758133	Active	527.700000	38	4	955.0	7.2	96.0	2	6
17758233	Active	461.600000	33	3	797.0	4.9	99.2	3	6
17758234	Active	488.600000	35	4	886.0	5.7	101.0	2	7
17758236	Active	485.600000	35	4	879.0	7.5	79.0	2	5
17758459	Active	491.600000	35	6	815.0	4.4	108.0	3	7
17758569	Active	503.700000	36	6	843.0	6.3	99.2	3	6
17758570	Active	475.600000	34	4	856.0	5.300	105.0	2	7
18188955	Active	409.500000	29	4	652.0	4.5	73.0	1	5
18189209	Active	303.400000	23	2	395.0	4.1	44.5	1	3
18189214	Active	393.500000	30	5	527.0	6.2	30.5	1	3
18504012	Active	473.500000	34	6	764.0	5.3	82.2	1	6
18511908	Active	448.500000	31	7	651.0	5.2	57.8	1	7
18511910	Active	573.700000	41	13	882.0	5.2	105.0	2	7
18511931	Active	544.700000	39	12	840.0	5.6	104.0	2	7
18511945	Active	459.400000	28	7	574.0	5.1	57.8	1	4
18511975	Active	438.500000	31	9	664.0	4.2	84.1	1	6
18511977	Active	398.500000	28	7	574.0	4.5	57.8	1	5
18511980	Active	410.500000	29	8	577.0	4.3	67.0	1	5
18511994	Active	394.500000	28	7	568.0	4.7	57.8	1	4
18512002	Active	394.500000	28	7	560.0	4.7	57.8	1	4
18512008	Active	396.500000	28	8	531.0	3.7	78.0	2	5
18512022	Active	398.500000	28	7	566.0	4.5	57.8	1	5
18512030	Active	546.600000	39	12	850.0	5.5	114.0	2	8
18512032	Active	408.600000	29	8	554.0	5.2	57.8	1	4
18512049	Active	544.700000	39	12	848.0	5.6	104.0	2	7
18512058	Active	414.900000	28	7	566.0	5.0	57.8	1	4
18512087	Active	414.900000	28	7	574.0	5.0	57.8	1	4
18512103	Active	631.700000	45	16	1010.0	5.1	143.0	3	9
18512117	Active	394.500000	28	8	527.0	4.7	57.8	1	4
18512130	Active	659.800000	47	18	1030.0	5.3	143.0	3	9
18512158	Active	587.700000	42	14	898.0	5.5	105.0	2	7
18512161	Active	394.500000	28	8	527.0	4.8	57.8	1	4
18512162	Active	643.800000	46	17	1010.0	5.6	133.0	3	8
18512163	Active	410.500000	29	8	585.0	4.3	67.0	1	5
18512166	Active	380.500000	27	7	513.0	4.4	57.8	1	4
18512168	Active	574.700000	41	14	881.0	5.7	114.0	2	8
18512170	Active	416.500000	29	7	606.0	4.6	57.8	1	6
18512171	Active	580.600000	41	12	918.0	5.9	104.0	2	9
18512178	Active	424.500000	30	8	649.0	3.9	95.1	2	6
18512192	Active	436.600000	31	10	634.0	5.0	67.0	1	5
18512213	Active	558.700000	40	13	855.0	6.0	104.0	2	7
18512224	Active	508.600000	36	9	765.0	6.1	67.0	1	7
18512282	Active	424.600000	30	10	560.0	4.0	67.0	1	5
18512329	Active	546.700000	39	13	791.0	5.7	85.5	1	7
18512334	Active	432.900000	29	7	608.0	5.1	57.8	1	5
18512366	Active	615.700000	44	15	982.0	5.4	133.0	3	8
18512380	Active	629.800000	45	16	997.0	5.3	133.0	3	8
18512392	Active	472.600000	34	9	689.0	5.9	67.0	1	5
18512399	Active	405.500000	29	7	659.0	4.1	81.6	1	5
18551230	Active	441.400000	31	5	700.0	3.8	95.9	3	9
18551237	Active	482.400000	34	6	818.0	4.3	97.2	2	10
18551266	Active	455.400000	32	6	715.0	4.1	84.9	2	9
20786216	Active	422.400000	30	6	574.0	5.400	65.4	3	8
21136439	Active	367.400000	26	3	583.0	3.4	84.0	2	5
21941658	Active	468.400000	33	5	802.0	4.0	108.0	3	10
21948853	Active	450.500000	32	7	617.0	6.100	54.4	2	8
21948904	Active	436.400000	31	6	603.0	5.8	65.4	3	8
21970730	Active	528.600000	36	5	1050.0	2.5	139.0	3	10
22284899	Active	430.500000	32	7	675.0	3.8	88.5	2	5
22314851	Active	387.500000	29	2	668.0	5.8	30.5	1	3
22314926	Active	361.500000	27	3	610.0	5.7	30.5	1	3
22314968	Active	373.500000	28	2	653.0	5.3	30.5	1	3
22315043	Active	383.400000	28	3	643.0	5.1	30.5	1	5
22398492	Active	417.500000	30	5	610.0	6.2	45.2	2	5
22398502	Active	477.400000	33	6	668.0	6.8	45.2	2	9
22398533	Active	421.400000	30	5	613.0	6.0	45.2	2	6
22398592	Active	410.400000	29	6	559.0	4.9	58.1	2	7
22398627	Active	434.400000	31	6	676.0	5.6	69.0	2	7
22566499	Active	381.600000	27	7	503.0	6.1	46.6	1	3
22566506	Active	427.600000	32	8	608.0	6.4	30.5	1	3
22566507	Active	365.500000	26	6	514.0	5.5	46.6	1	3
22566509	Active	413.500000	31	7	594.0	6.0	30.5	1	3
22605977	Active	270.400000	20	2	406.0	2.800	37.3	1	2
23433542	Active	280.400000	20	1	459.0	4.2	64.1	1	3
23552303	Active	405.500000	30	5	699.0	4.6	56.8	1	5
23596254	Active	360.500000	26	2	544.0	4.3	61.4	0	3
23596322	Active	360.500000	26	2	544.0	4.5	70.2	1	3
23596330	Active	374.500000	27	2	573.0	4.9	70.2	1	3
23625602	Active	486.500000	35	7	732.0	6.0	93.2	3	7
23648072	Active	323.400000	24	4	459.0	4.1	30.5	1	3
23648197	Active	444.600000	32	3	724.0	6.1	66.3	1	4
23648200	Active	444.600000	32	3	724.0	6.1	66.3	1	4
23648203	Active	424.500000	32	3	718.0	5.700	38.0	1	3
23648204	Active	424.500000	32	3	718.0	5.700	38.0	1	3
23648205	Active	414.500000	31	3	708.0	4.9	51.2	1	4
23648206	Active	414.500000	31	3	708.0	4.9	51.2	1	4
24748959	Active	387.400000	28	4	553.0	6.4	36.0	2	4
24749047	Active	440.500000	32	5	718.0	7.1	59.8	2	5
24749050	Active	447.900000	31	5	616.0	8.0	33.1	1	5
24768971	Active	457.400000	31	6	695.0	3.7	81.6	1	9
24769095	Active	482.500000	35	8	697.0	5.0	70.4	2	7
24789142	Active	470.600000	34	6	694.0	6.1	88.0	1	5
24809711	Active	529.400000	37	8	789.0	3.5	114.0	3	11
24816319	Active	478.600000	34	5	787.0	5.4	75.6	1	6
24860583	Active	338.400000	25	1	558.0	4.7	55.1	1	4
24872952	Active	574.500000	40	6	956.0	5.0	109.0	3	9
24873449	Active	494.500000	36	4	785.0	6.1	62.2	2	6
24882669	Active	525.500000	37	6	853.0	6.3	72.4	1	8
24883011	Active	373.300000	27	2	559.0	3.800	56.2	1	6
24883012	Active	391.300000	28	2	590.0	3.9	56.2	1	7
24883054	Active	409.300000	29	2	621.0	4.0	56.2	1	8
24883055	Active	405.300000	29	2	619.0	4.3	56.2	1	7
24895096	Active	407.500000	30	1	731.0	5.9	21.3	1	4
24936311	Active	451.600000	32	7	711.0	5.3	72.4	1	5
24936313	Active	472.600000	35	7	693.0	6.4	59.0	2	3
24936314	Active	465.600000	33	8	726.0	5.7	72.4	1	5
24936449	Active	519.600000	36	8	818.0	6.4	72.4	1	8
24936598	Active	469.600000	34	6	691.0	6.5	75.2	1	4
24936727	Active	484.600000	35	6	724.0	6.5	88.0	1	5
24936729	Active	484.600000	35	6	724.0	6.5	88.0	1	5
24936732	Active	476.600000	34	6	694.0	7.2	88.0	1	5
24936982	Active	437.500000	31	7	615.0	5.5	101.0	1	6
24936984	Active	437.500000	31	6	627.0	5.2	101.0	1	6
24937240	Active	447.600000	32	8	624.0	5.4	101.0	1	5
24937242	Active	473.600000	34	6	676.0	6.1	101.0	1	5
24937362	Active	453.600000	33	6	663.0	5.5	101.0	1	5
24937363	Active	488.000000	34	6	697.0	6.1	101.0	1	5
24937934	Active	514.500000	37	8	763.0	5.5	70.4	2	8
24937935	Active	518.500000	37	8	766.0	5.2	70.4	2	9
24937936	Active	569.400000	38	8	794.0	6.4	70.4	2	8
24952192	Active	366.400000	26	3	529.0	4.0	99.7	2	5
24952193	Active	367.400000	26	3	532.0	3.4	113.0	2	6
24953162	Active	465.500000	33	8	745.0	4.9	81.6	1	6
24953163	Active	467.600000	33	9	704.0	5.3	81.6	1	6
24953166	Active	439.500000	31	7	674.0	4.4	81.6	1	6
24953513	Active	493.500000	34	7	764.0	5.6	81.6	1	9
24954947	Active	511.600000	35	9	792.0	5.4	107.0	1	7
24954951	Active	543.600000	37	9	981.0	4.2	124.0	1	8
24955148	Active	488.600000	35	6	736.0	6.5	87.5	1	6
24955149	Active	489.500000	35	6	739.0	5.9	100.0	1	7
24957737	Active	342.400000	25	1	564.0	3.6	73.6	1	6
24958028	Active	511.400000	36	8	767.0	3.4	114.0	3	10
24960588	Active	528.900000	36	8	773.0	3.2	126.0	3	10
24961057	Active	359.500000	27	1	615.0	5.3	46.4	1	3
24961687	Active	527.900000	36	8	771.0	3.9	114.0	3	9
24961689	Active	527.900000	36	8	771.0	3.9	114.0	3	9
24961690	Active	545.900000	37	8	803.0	4.0	114.0	3	10
24962055	Active	545.900000	37	8	803.0	4.0	114.0	3	10
24997743	Active	467.600000	33	7	728.0	5.5	81.6	1	6
25011854	Active	445.500000	33	7	640.0	6.0	56.2	1	4
25012190	Active	473.600000	35	8	682.0	6.8	56.2	1	4
25013321	Active	429.500000	32	7	631.0	5.0	56.2	1	4
25013322	Active	457.400000	33	6	650.0	5.7	56.2	1	7
25013326	Active	475.600000	35	8	685.0	5.9	65.4	1	5
25013489	Active	447.500000	33	8	622.0	4.7	76.4	2	5
25013490	Active	475.600000	35	8	693.0	5.9	65.4	1	5
25013653	Active	497.500000	35	8	808.0	3.2	119.0	2	7
25013654	Active	503.500000	35	7	699.0	6.2	81.4	1	8
25013811	Active	460.500000	34	8	687.0	4.3	78.3	1	6
25013812	Active	507.500000	37	6	775.0	6.9	56.2	1	7
25014203	Active	403.400000	30	6	563.0	4.6	56.2	1	4
25014204	Active	447.500000	33	9	610.0	4.4	65.4	1	5
25014206	Active	465.500000	35	7	673.0	6.2	56.2	1	4
25028373	Active	545.400000	38	9	808.0	2.5	134.0	4	12
25048180	Active	348.800000	23	5	493.0	4.0	70.3	2	3
25113722	Active	388.300000	28	3	519.0	5.9	17.8	0	6
25205475	Active	426.400000	27	6	600.0	5.0	85.5	2	4
25205477	Active	437.300000	28	6	692.0	4.4	109.0	2	5
25231296	Active	416.600000	31	3	890.0	3.6	46.5	1	3
25235364	Active	443.600000	33	5	651.0	5.2	62.6	2	4
25257459	Active	300.400000	22	2	489.0	3.0	60.7	3	3
25257700	Active	322.400000	24	2	430.0	5.2	40.5	2	2
25258136	Active	284.400000	21	2	459.0	4.2	40.5	2	2
25258138	Active	296.400000	22	3	498.0	4.2	40.5	2	2
25258381	Active	389.500000	29	5	635.0	5.3	42.4	1	3
25258382	Active	427.600000	32	5	618.0	6.2	42.4	1	3
25258386	Active	338.400000	25	2	474.0	4.1	60.7	3	3
25258611	Active	375.500000	28	5	600.0	4.9	42.4	1	3
44156980	Active	511.700000	35	4	940.0	4.700	141.0	2	7
44193144	Active	495.900000	35	4	767.0	6.8	66.2	3	5
44193145	Active	510.000000	36	5	782.0	6.7	66.2	3	5
44193146	Active	461.900000	32	4	696.0	6.1	66.2	3	5
44193147	Active	502.000000	35	4	767.0	7.1	66.2	3	5
44193245	Active	486.500000	36	4	862.0	5.9	89.9	3	6
44193246	Active	486.500000	36	4	854.0	5.9	89.9	3	6
44193342	Active	495.900000	35	4	765.0	6.8	66.2	3	5
44193344	Active	526.000000	37	5	822.0	6.8	75.4	3	6
44193440	Active	504.600000	37	5	805.0	6.3	69.4	3	6
44219884	Active	680.900000	46	14	1250.0	2.300	188.0	5	9
44220470	Active	1513.800000	107	32	3350.0	0.800	435.0	12	17
44220471	Active	1306.600000	92	26	2830.0	1.300	371.0	10	15
44220675	Active	1184.500000	83	24	2500.0	1.400	337.0	9	14
44220676	Active	940.200000	65	20	1860.0	1.600	269.0	7	12
44220677	Active	595.800000	40	9	1130.0	1.600	185.0	5	8
44222262	Active	1635.900000	116	34	3690.0	0.700	469.0	13	18
44222437	Active	1391.700000	98	30	3010.0	0.900	401.0	11	16
44222438	Active	1062.300000	74	22	2180.0	1.500	303.0	8	13
44222616	Active	752.000000	51	17	1400.0	1.600	218.0	6	10
44250279	Active	459.600000	34	2	939.0	3.3	38.8	0	4
44250280	Active	445.600000	33	3	940.0	3.0	49.8	1	4
44251606	Active	395.400000	28	5	544.0	4.7	61.8	2	7
44292816	Active	377.500000	28	4	627.0	4.4	50.7	2	4
44292832	Active	361.500000	27	3	597.0	5.4	30.5	1	3
44293099	Active	419.500000	31	6	729.0	5.0	56.8	1	5
44293267	Active	375.500000	28	4	610.0	5.7	30.5	1	3
44293320	Active	401.500000	30	2	710.0	5.7	30.5	1	3
44293351	Active	361.500000	27	3	595.0	5.3	30.5	1	3
44294728	Active	632.600000	44	5	1270.0	6.200	101.0	2	13
44305237	Active	349.400000	26	1	622.0	6.0	21.3	1	3
44305270	Active	361.500000	27	1	672.0	6.2	21.3	1	3
44305556	Active	384.600000	28	3	764.0	3.8	51.2	0	3
44305617	Active	395.500000	28	4	627.0	3.9	64.2	0	5
44305684	Active	356.300000	22	0	474.0	4.6	21.3	1	2
44305720	Active	322.400000	24	0	553.0	3.8	67.1	1	4
44305733	Active	374.200000	23	0	508.0	4.7	21.3	1	3
44305819	Active	399.400000	28	4	631.0	3.8	73.0	1	6
44305822	Active	453.500000	32	7	752.0	3.9	99.3	1	7
44305874	Active	313.300000	23	0	506.0	4.1	21.3	1	4
44305900	Active	288.300000	22	2	363.0	4.8	18.5	0	2
44305909	Active	409.500000	29	5	684.0	3.6	90.1	1	6
44305929	Active	324.400000	24	0	503.0	4.2	67.1	1	4
44306067	Active	329.800000	23	0	508.0	4.7	21.3	1	3
44306078	Active	411.500000	29	5	650.0	3.7	82.2	1	6
44306825	Active	570.600000	39	7	1160.0	3.100	156.0	3	11
44310117	Active	451.600000	32	8	674.0	3.8	78.1	1	5
44310121	Active	394.500000	28	7	542.0	4.7	57.8	1	4
44310122	Active	410.500000	29	8	559.0	4.3	67.0	1	5
44310288	Active	464.500000	32	8	677.0	5.5	67.0	1	8
44310289	Active	364.500000	26	4	567.0	3.7	57.8	1	4
44310345	Active	394.500000	28	7	542.0	4.7	57.8	1	4
44310353	Active	394.500000	28	7	542.0	4.7	57.8	1	4
44310359	Active	366.500000	26	7	485.0	4.0	57.8	1	4
44310378	Active	408.500000	29	8	599.0	4.2	74.9	1	5
44310397	Active	410.500000	29	9	545.0	4.3	67.0	1	5
44310469	Active	410.500000	29	8	585.0	4.3	67.0	1	5
44310515	Active	459.400000	28	7	574.0	5.1	57.8	1	4
44310518	Active	414.900000	28	7	574.0	5.0	57.8	1	4
44310535	Active	398.500000	28	7	574.0	4.5	57.8	1	5
44310536	Active	448.500000	31	7	659.0	5.2	57.8	1	7
44310595	Active	448.500000	31	7	659.0	5.2	57.8	1	7
44310626	Active	394.500000	28	7	568.0	4.7	57.8	1	4
44310641	Active	405.500000	29	7	659.0	4.1	81.6	1	5
44310715	Active	442.600000	32	8	623.0	5.6	57.8	1	4
44314208	Active	633.800000	46	8	1330.0	2.5	148.0	5	9
44353994	Active	398.500000	30	1	716.0	5.5	34.2	1	4
44354006	Active	398.500000	30	1	716.0	5.5	34.2	1	4
44354884	Active	310.400000	22	1	518.0	4.3	81.1	1	4
44354886	Active	294.400000	21	1	487.0	4.5	64.1	1	3
44355066	Active	324.400000	23	1	547.0	4.7	81.1	1	4
44370955	Active	526.600000	36	4	1010.0	3.8	107.0	1	9
44371166	Active	544.600000	37	7	994.0	3.0	139.0	3	10
44371259	Active	510.600000	35	2	1060.0	3.3	107.0	1	9
44377090	Active	308.300000	22	0	516.0	3.0	41.1	2	5
44377098	Active	322.320000	23	0	544.0	3.2	32.3	1	5
44377356	Active	350.400000	25	0	627.0	4.4	41.1	2	5
44377382	Active	322.320000	23	0	559.0	3.6	41.1	2	5
44393033	Active	558.700000	40	13	863.0	6.0	104.0	2	7
44393047	Active	615.700000	44	15	990.0	4.9	133.0	3	8
44393048	Active	629.800000	45	16	1010.0	5.3	133.0	3	8
44393050	Active	670.700000	47	16	1060.0	4.7	154.0	4	12
44393051	Active	980.300000	70	20	1800.0	9.1	192.0	5	12
44393060	Active	517.700000	38	7	1100.0	2.7	98.1	3	6
44393061	Active	561.700000	41	9	1170.0	2.4	118.0	4	7
44393062	Active	543.700000	40	5	1180.0	3.2	87.1	2	6
44393181	Active	394.500000	28	7	562.0	4.8	57.8	1	4
44393182	Active	558.700000	40	13	855.0	6.0	104.0	2	7
44393183	Active	992.300000	71	21	1820.0	9.6	183.0	5	11
44393246	Active	558.700000	40	13	863.0	6.0	104.0	2	7
44393247	Active	992.300000	71	21	1810.0	9.6	183.0	5	11
44394919	Active	378.400000	27	1	789.0	2.000	94.8	3	6
44394965	Active	326.500000	23	2	514.0	3.8	65.5	1	3
44396490	Active	384.600000	28	7	657.0	5.9	37.3	1	2
44396502	Active	412.600000	30	9	687.0	7.0	37.3	1	2
44396512	Active	416.900000	29	3	903.0	3.6	60.4	0	4
44396526	Active	440.700000	32	11	716.0	8.1	37.3	1	2
44396547	Active	300.400000	22	1	570.0	2.7	37.3	1	2
44398565	Active	431.600000	32	3	866.0	4.0	40.5	1	3
44401707	Active	407.500000	30	3	652.0	4.4	50.9	1	5
44401853	Active	407.500000	30	3	652.0	4.4	50.9	1	5
44402030	Active	463.400000	30	3	676.0	6.6	66.3	1	4
44402151	Active	394.500000	28	3	607.0	4.8	66.3	1	4
44402680	Active	382.500000	28	3	620.0	4.8	36.3	0	4
44402681	Active	402.500000	30	2	687.0	4.4	36.3	0	4
44402683	Active	368.400000	27	1	607.0	4.1	36.3	0	4
44402699	Active	368.400000	27	1	607.0	4.1	36.3	0	4
44402711	Active	368.400000	27	1	607.0	4.1	36.3	0	4
44402722	Active	414.500000	30	5	654.0	2.7	54.7	0	6
44402736	Active	382.500000	28	1	659.0	4.3	36.3	0	4
44402746	Active	378.400000	28	3	670.0	4.2	36.3	0	4
44402753	Active	352.400000	26	2	617.0	3.5	36.3	0	4
44402754	Active	396.500000	29	3	635.0	5.1	36.3	0	4
44402755	Active	354.400000	26	1	591.0	3.6	36.3	0	4
44402763	Active	352.400000	26	2	617.0	3.5	36.3	0	4
44402766	Active	492.600000	37	3	818.0	6.3	36.3	0	4
44402767	Active	368.400000	27	1	607.0	4.1	36.3	0	4
44402769	Active	354.400000	26	1	593.0	3.7	36.3	0	4
44402770	Active	352.400000	26	2	617.0	3.5	36.3	0	4
44402796	Active	478.600000	36	3	802.0	5.9	36.3	0	4
44402799	Active	392.500000	29	3	685.0	4.6	36.3	0	4
44402805	Active	382.500000	28	1	659.0	4.3	36.3	0	4
44402817	Active	406.500000	30	3	721.0	4.7	36.3	0	4
44402818	Active	402.500000	30	2	687.0	4.4	36.3	0	4
44402820	Active	424.500000	31	5	662.0	5.8	36.3	0	4
44402832	Active	354.400000	26	1	591.0	3.6	36.3	0	4
44402833	Active	402.500000	30	2	687.0	4.4	36.3	0	4
44402841	Active	382.500000	28	1	622.0	4.4	36.3	0	4
44402847	Active	368.400000	27	1	618.0	4.0	36.3	0	4
44403036	Active	407.400000	29	5	630.0	4.0	75.6	2	7
44403038	Active	353.400000	26	5	540.0	3.3	75.6	2	4
44403039	Active	381.500000	28	6	581.0	4.2	75.6	2	4
44407314	Active	404.800000	27	6	477.0	6.4	29.5	1	6
44420005	Active	476.600000	35	5	983.0	3.6	65.0	1	5
44420007	Active	464.600000	34	4	985.0	3.7	55.8	1	5
44420010	Active	452.500000	33	3	958.0	3.8	46.5	1	5
44420011	Active	430.600000	32	3	929.0	4.0	46.5	1	3
44420014	Active	444.600000	33	3	948.0	4.4	46.5	1	3
44420015	Active	476.600000	35	5	983.0	3.6	65.0	1	5
44420017	Active	452.500000	33	3	970.0	3.8	46.5	1	5
44420022	Active	851.200000	62	11	1870.0	7.9	134.0	4	8
44420023	Active	865.200000	63	11	1890.0	8.2	134.0	4	8
44420024	Active	913.200000	67	12	1990.0	9.1	134.0	4	8
44420029	Active	477.000000	34	5	995.0	4.9	46.5	1	3
44420033	Active	491.100000	35	5	1030.0	5.3	46.5	1	3
44420040	Active	492.600000	37	4	1040.0	5.2	46.5	1	3
44420051	Active	478.600000	36	4	1010.0	5.2	46.5	1	3
44420054	Active	416.600000	31	2	913.0	3.7	57.5	2	3
44420057	Active	430.600000	32	3	929.0	4.0	46.5	1	3
44425531	Active	417.500000	31	3	883.0	1.9	49.8	1	4
44425537	Active	457.600000	34	3	999.0	2.9	49.8	1	4
44425538	Active	485.500000	35	3	1020.0	2.9	49.8	1	7
44425539	Active	473.600000	35	4	1010.0	3.7	49.8	1	4
44425540	Active	475.600000	35	4	1020.0	1.7	70.0	2	5
44425541	Active	475.600000	35	4	1010.0	2.2	59.0	1	5
44430346	Active	511.600000	38	4	1090.0	3.8	49.8	1	5
44430347	Active	528.100000	38	4	1090.0	4.3	49.8	1	4
44430353	Active	572.500000	38	4	1090.0	4.4	49.8	1	4
44430354	Active	507.700000	38	4	1080.0	4.0	49.8	1	4
44430355	Active	561.600000	41	4	1180.0	4.5	49.8	1	7
44430370	Active	511.600000	38	4	1090.0	3.8	49.8	1	5
44430377	Active	528.100000	38	4	1090.0	4.3	49.8	1	4
44430382	Active	507.700000	38	4	1080.0	4.0	49.8	1	4
44430384	Active	561.600000	41	4	1180.0	4.5	49.8	1	7
44430385	Active	528.100000	38	4	1080.0	4.3	49.8	1	4
44430386	Active	572.500000	38	4	1080.0	4.4	49.8	1	4
44430387	Active	507.700000	38	4	1070.0	4.0	49.8	1	4
44430388	Active	523.700000	39	5	1090.0	3.6	59.0	1	5
44430389	Active	518.600000	39	4	1180.0	3.4	73.6	1	5
44430390	Active	549.700000	41	5	1160.0	5.3	49.8	1	4
44430391	Active	529.600000	39	4	1110.0	3.9	49.8	1	6
44430392	Active	494.600000	37	4	1050.0	2.6	62.7	1	5
44430393	Active	494.600000	37	4	1050.0	2.6	62.7	1	5
44430394	Active	494.600000	37	4	1050.0	2.6	62.7	1	5
44430395	Active	499.700000	36	4	1040.0	3.3	78.0	1	5
44431142	Active	383.300000	24	5	525.0	4.7	70.3	2	3
44431146	Active	429.300000	25	5	559.0	4.3	70.3	2	5
44431150	Active	417.700000	25	5	557.0	5.3	70.3	2	3
44431167	Active	370.500000	26	5	561.0	4.7	61.6	1	3
44431187	Active	370.500000	26	5	561.0	4.9	70.3	2	3
44431190	Active	370.500000	26	5	561.0	4.9	70.3	2	3
44431202	Active	374.500000	26	5	567.0	4.6	70.3	2	4
44433485	Active	502.400000	31	6	652.0	5.3	67.2	2	6
44433486	Active	507.600000	35	7	830.0	5.3	92.6	2	8
44433489	Active	471.500000	34	6	714.0	5.7	67.2	2	6
44433491	Active	472.500000	34	6	717.0	5.5	93.2	3	7
44433492	Active	504.500000	36	7	763.0	6.1	93.2	3	8
44433500	Active	522.500000	37	7	803.0	6.2	93.2	3	9
44433501	Active	562.600000	40	7	889.0	7.3	93.2	3	9
44433502	Active	510.900000	35	7	750.0	5.9	93.2	3	8
44433503	Active	512.500000	36	8	750.0	5.0	102.0	3	10
44435656	Active	398.400000	28	7	514.0	5.2	46.5	1	7
44435662	Active	432.800000	29	7	557.0	5.8	46.5	1	7
44435663	Active	429.800000	29	6	605.0	6.1	53.2	1	7
44435667	Active	445.400000	32	6	687.0	6.7	53.2	1	7
44435668	Active	423.400000	30	6	616.0	6.2	53.2	1	7
44435669	Active	423.400000	30	6	628.0	6.2	53.2	1	7
44441954	Active	462.600000	33	3	1020.0	2.7	54.4	1	3
44443285	Active	469.600000	35	3	1070.0	3.9	55.7	0	4
44443286	Active	455.600000	34	2	1050.0	3.4	55.7	0	4
44443288	Active	470.600000	35	3	1030.0	4.3	41.9	0	4
44443289	Active	456.600000	34	2	1010.0	3.9	41.9	0	4
44443290	Active	442.600000	33	2	966.0	3.9	41.9	0	4
44443292	Active	461.600000	34	2	1030.0	3.8	47.9	0	5
44473146	Active	627.600000	46	10	1040.0	4.7	117.0	2	9
44515726	Active	654.700000	46	9	1210.0	4.1	146.0	2	10
44515729	Active	608.600000	44	11	977.0	4.6	124.0	3	9
44516035	Active	606.600000	44	9	1010.0	4.6	113.0	2	9
44516036	Active	627.600000	46	10	1040.0	4.9	117.0	2	9
44516340	Active	626.600000	46	10	1030.0	5.8	104.0	2	8
44516656	Active	604.600000	44	9	999.0	5.8	104.0	2	8
44516658	Active	604.600000	44	9	999.0	5.6	104.0	2	8
44516661	Active	638.700000	45	9	1090.0	3.5	140.0	2	10
44516982	Active	620.600000	45	9	1040.0	4.8	124.0	3	9
44517308	Active	620.600000	45	9	1040.0	4.6	124.0	3	9
44517310	Active	620.600000	45	9	1040.0	4.6	124.0	3	9
44517735	Active	536.500000	38	8	788.0	5.4	70.4	2	10
44543858	Active	519.600000	34	7	946.0	2.9	160.0	3	10
44543860	Active	497.500000	34	7	861.0	3.6	135.0	3	8
44543969	Active	501.500000	34	7	863.0	3.3	135.0	3	9
44543970	Active	515.500000	35	8	879.0	3.7	135.0	3	9
44544094	Active	529.500000	36	8	908.0	4.1	135.0	3	9
44544321	Active	517.900000	34	7	866.0	3.9	135.0	3	8
44545482	Active	497.500000	34	8	845.0	3.6	135.0	3	8
44563171	Active	562.300000	37	8	795.0	4.6	114.0	3	9
44563745	Active	800.000000	57	20	1470.0	3.200	187.0	7	11
44563746	Active	798.000000	57	17	1520.0	4.200	167.0	5	11
44563747	Active	870.000000	62	20	1740.0	1.500	256.0	8	12
44565615	Active	425.300000	26	2	562.0	4.5	70.2	1	3
44565616	Active	380.900000	26	2	562.0	4.3	70.2	1	3
44565646	Active	347.400000	25	2	519.0	3.5	83.1	1	4
44569945	Active	562.300000	37	8	795.0	4.6	114.0	3	9
44570143	Active	589.500000	40	9	1010.0	2.6	156.0	3	12
44570182	Active	596.800000	38	8	827.0	5.2	114.0	3	9
44570183	Active	528.900000	36	8	773.0	3.2	126.0	3	10
44570222	Active	532.500000	38	8	842.0	3.4	129.0	4	9
44570224	Active	515.400000	36	7	774.0	3.1	114.0	3	11
44570225	Active	543.500000	38	9	805.0	4.0	114.0	3	11
44570275	Active	547.400000	38	9	807.0	3.5	114.0	3	12
44586093	Active	479.600000	33	6	951.0	1.400	143.0	3	7
44587000	Active	477.600000	34	6	963.0	3.000	113.0	3	7
44587001	Active	491.600000	35	7	979.0	3.300	113.0	3	7
44587002	Active	505.600000	36	8	995.0	3.900	113.0	3	7
44587056	Active	477.600000	34	5	976.0	2.900	113.0	3	7
44587057	Active	475.500000	34	6	992.0	2.700	113.0	3	7
44587058	Active	491.600000	35	5	1020.0	3.000	113.0	3	7
44587059	Active	521.600000	37	7	1090.0	2.400	139.0	3	9
44587197	Active	491.600000	35	6	994.0	3.400	113.0	3	7
44587198	Active	505.600000	36	6	1040.0	3.600	113.0	3	7
44587199	Active	505.600000	36	6	1030.0	3.800	113.0	3	7
44587218	Active	519.600000	37	7	1050.0	4.100	113.0	3	7
44587219	Active	547.700000	39	7	1120.0	4.800	113.0	3	7
44587220	Active	503.600000	36	5	1040.0	3.300	113.0	3	7
44587248	Active	517.600000	37	5	1050.0	3.900	113.0	3	7
44587249	Active	569.700000	41	5	1220.0	4.700	113.0	3	7
44587250	Active	539.600000	39	6	1100.0	4.000	113.0	3	7
44587251	Active	539.600000	39	6	1100.0	4.000	113.0	3	7
44593549	Active	571.500000	39	9	973.0	2.5	156.0	3	11
45267345	Active	407.500000	30	2	760.0	2.6	49.8	1	4
45267349	Active	447.600000	33	3	893.0	3.7	49.8	1	4
45267360	Active	432.500000	32	3	908.0	2.9	55.8	1	4
45267605	Active	500.500000	36	8	727.0	5.1	70.4	2	8
45267606	Active	514.500000	37	8	757.0	5.5	70.4	2	8
45267615	Active	532.500000	38	8	796.0	5.6	70.4	2	9
45267900	Active	650.700000	47	7	1390.0	1.400	168.0	5	8
45268475	Active	529.500000	36	9	844.0	3.0	139.0	3	11
45268476	Active	552.500000	38	9	879.0	4.2	122.0	2	12
45268480	Active	536.500000	37	9	844.0	4.8	95.8	2	10
45268481	Active	518.600000	36	9	812.0	4.7	95.8	2	9
45268482	Active	468.500000	34	7	682.0	4.7	70.4	2	7
45268485	Active	496.500000	36	8	726.0	5.4	70.4	2	7
45268785	Active	906.100000	63	14	1890.0	1.500	271.0	7	11
45269091	Active	431.600000	32	3	899.0	2.5	49.8	1	4
45269348	Active	514.500000	37	8	765.0	5.5	70.4	2	8
45269354	Active	534.900000	37	8	769.0	5.8	70.4	2	8
45269632	Active	1235.500000	87	22	2720.0	0.900	368.0	10	14
45269633	Active	784.000000	54	12	1590.0	1.600	237.0	6	10
45269634	Active	895.000000	65	11	2010.0	1.300	236.0	7	10
45269951	Active	528.600000	36	3	967.0	4.6	71.8	1	9
45269952	Active	418.500000	31	3	867.0	2.4	55.8	1	4
45269958	Active	494.600000	37	4	1030.0	4.2	55.8	1	4
45270463	Active	1357.600000	96	24	3050.0	0.800	402.0	11	15
45270464	Active	772.900000	56	9	1700.0	1.400	202.0	6	9
45270774	Active	525.500000	37	3	996.0	4.2	49.8	1	9
45270779	Active	450.600000	32	3	864.0	4.1	71.8	1	4
45271025	Active	528.500000	38	8	783.0	5.9	70.4	2	8
45271294	Active	566.800000	38	8	1050.0	3.600	156.0	4	7
45271295	Active	1601.800000	114	28	3720.0	0.600	470.0	13	17
45271296	Active	1028.200000	72	16	2210.0	1.400	305.0	8	12
45271297	Active	1468.600000	107	23	3500.0	0.100	401.0	12	15
45271616	Active	446.600000	33	2	907.0	3.1	44.8	0	4
45272514	Active	562.600000	41	4	1160.0	5.0	55.8	1	7
45273046	Active	1758.100000	125	36	4030.0	0.700	503.0	14	19
45273047	Active	1479.700000	105	26	3380.0	0.700	436.0	12	16
45273048	Active	1150.400000	81	18	2530.0	1.300	339.0	9	13
45273374	Active	507.700000	38	4	1060.0	4.3	49.8	1	4
45273665	Active	496.500000	36	9	712.0	5.6	70.4	2	7
45273670	Active	500.500000	36	8	735.0	5.1	70.4	2	8
45486375	Active	420.500000	31	3	685.0	4.8	38.0	1	4
45486377	Active	434.500000	32	4	700.0	5.3	38.0	1	4
45486384	Active	416.500000	31	3	689.0	5.0	38.0	1	3
45486393	Active	408.600000	30	3	653.0	5.6	38.0	1	3
45486424	Active	416.500000	31	3	689.0	5.0	38.0	1	3
45486437	Active	436.900000	31	3	687.0	5.3	38.0	1	3
45486438	Active	422.600000	30	3	680.0	4.8	66.3	1	4
45486439	Active	382.500000	28	4	599.0	4.9	38.0	1	3
45486450	Active	422.600000	30	3	680.0	4.8	66.3	1	4
45486451	Active	443.000000	30	3	686.0	5.4	66.3	1	4
45486455	Active	444.600000	32	3	724.0	6.1	66.3	1	4
45486464	Active	409.500000	29	3	654.0	3.7	79.2	1	5
45486470	Active	352.400000	26	4	556.0	4.7	38.0	1	3
45486473	Active	408.500000	29	3	651.0	4.4	66.3	1	4
45486478	Active	382.500000	28	5	587.0	5.0	38.0	1	3
45789439	Active	471.600000	34	6	697.0	5.6	101.0	1	6
46237978	Active	362.800000	25	4	669.0	4.1	62.1	1	5
46237983	Active	361.400000	27	6	685.0	3.8	75.0	1	5
46832233	Active	539.500000	38	6	884.0	6.9	63.6	0	8
46832234	Active	553.600000	39	7	899.0	7.4	63.6	0	8
46832235	Active	553.600000	39	6	913.0	7.3	63.6	0	8
46832237	Active	477.500000	33	5	765.0	5.6	72.4	1	8
46832511	Active	525.500000	37	5	868.0	6.5	63.6	0	8
46832512	Active	595.500000	41	6	984.0	7.5	81.6	1	12
46832513	Active	541.500000	38	6	893.0	6.3	81.6	1	9
46832514	Active	579.500000	40	5	965.0	7.2	72.4	1	11
46832515	Active	517.500000	35	5	832.0	6.0	101.0	1	9
46861877	Active	388.400000	28	6	726.0	3.500	110.0	1	7
46883794	Active	417.200000	27	4	539.0	4.0	59.8	1	6
46883795	Active	417.200000	27	3	553.0	4.1	59.8	1	6
46883838	Active	342.800000	24	4	439.0	3.3	59.8	1	3
46883840	Active	342.800000	24	3	452.0	3.4	59.8	1	3
46883842	Active	349.200000	23	4	417.0	3.2	59.8	1	3
46883894	Active	328.800000	23	4	421.0	2.9	59.8	1	3
46883895	Active	328.800000	23	4	421.0	2.9	59.8	1	3
46883896	Active	300.740000	21	3	375.0	2.2	59.8	1	3
46883934	Active	437.900000	31	5	629.0	4.2	85.8	1	5
46883998	Active	437.900000	31	6	617.0	4.3	85.8	1	5
46883999	Active	487.000000	35	6	722.0	4.1	98.7	1	6
46884000	Active	471.900000	34	6	684.0	4.7	85.8	1	5
46884001	Active	471.900000	34	5	699.0	5.2	85.8	1	5
46884030	Active	449.900000	32	5	654.0	4.3	85.8	1	5
46884031	Active	486.000000	35	5	734.0	5.5	85.8	1	5
46888391	Active	404.300000	29	3	560.0	5.2	38.0	1	7
46888392	Active	336.300000	25	3	435.0	4.2	38.0	1	4
46888393	Active	350.400000	26	3	477.0	4.4	38.0	1	4
46888414	Active	400.400000	29	3	558.0	5.4	38.0	1	6
46888415	Active	455.200000	30	3	604.0	6.3	38.0	1	6
46888416	Active	400.400000	29	3	566.0	5.4	38.0	1	6
46888439	Active	420.800000	29	3	571.0	5.7	38.0	1	6
46888440	Active	411.400000	30	3	657.0	4.8	61.8	1	7
46888441	Active	438.800000	30	3	602.0	5.8	38.0	1	7
46888443	Active	429.300000	31	3	688.0	4.9	61.8	1	8
46888464	Active	400.400000	29	3	566.0	5.4	38.0	1	6
46888465	Active	404.300000	29	3	568.0	5.2	38.0	1	7
46888466	Active	420.800000	29	3	571.0	5.7	38.0	1	6
46888467	Active	455.200000	30	3	604.0	6.3	38.0	1	6
46888468	Active	421.800000	29	3	574.0	5.0	50.9	1	7
46888487	Active	418.400000	30	3	597.0	5.5	38.0	1	7
46914311	Active	330.800000	23	5	585.0	3.8	62.1	1	4
46914313	Active	344.800000	24	6	600.0	4.4	62.1	1	4
46914451	Active	348.800000	24	5	620.0	3.9	62.1	1	5
46914452	Active	374.710000	25	3	677.0	3.7	62.1	1	8
46914454	Active	386.800000	27	5	714.0	2.5	79.9	1	6
46914577	Active	386.800000	27	5	714.0	2.7	79.9	1	6
46914578	Active	387.800000	27	5	716.0	2.5	92.8	1	7
46914579	Active	388.800000	27	5	718.0	2.0	106.0	1	8
46914582	Active	388.800000	27	5	718.0	2.0	106.0	1	8
46937290	Active	396.400000	28	5	545.0	4.5	69.1	3	7
46938236	Active	405.400000	30	5	713.0	3.9	112.0	1	8
46938914	Active	426.400000	30	6	591.0	4.6	67.5	2	8
46938916	Active	396.400000	28	5	545.0	4.5	69.1	3	7
46939019	Active	468.500000	34	7	667.0	6.4	58.1	2	6
46939115	Active	470.500000	34	7	673.0	4.7	83.9	2	8
46939116	Active	454.500000	33	6	652.0	6.0	69.1	3	6
46939395	Active	410.400000	29	6	559.0	4.8	58.1	2	7
46939396	Active	410.400000	29	6	559.0	4.8	58.1	2	7
46943298	Active	352.500000	25	5	443.0	4.4	90.5	2	4
49652111	Inactive	481.700000	35	6	750.0	6.2	69.6	3	3
49652409	Inactive	495.700000	36	7	765.0	6.6	69.6	3	3
49836028	Active	370.400000	26	5	484.0	4.5	90.5	2	5
49851364	Active	352.500000	25	5	443.0	4.4	90.5	2	4
49851366	Active	370.400000	26	5	484.0	4.5	90.5	2	5
49851369	Active	431.300000	26	5	484.0	5.1	90.5	2	4
49851466	Active	353.400000	25	5	446.0	3.8	103.0	2	5
49851467	Active	371.400000	26	5	487.0	3.9	103.0	2	6
49851468	Active	432.300000	26	5	487.0	4.5	103.0	2	5
50925620	Active	431.700000	31	5	692.0	5.2	69.6	3	3
50938547	Active	484.600000	34	10	845.0	1.9	157.0	4	7
50942115	Active	354.900000	25	1	498.0	5.0	48.0	3	2
50942312	Active	465.500000	32	6	789.0	2.6	118.0	1	10
50993207	Active	550.800000	40	6	882.0	6.2	64.0	2	4
50993208	Inactive	460.700000	33	4	724.0	4.2	72.8	3	4
50993282	Inactive	495.700000	36	6	779.0	6.6	69.6	3	3
50993355	Inactive	373.600000	27	3	611.0	5.1	64.2	2	3
51346823	Active	342.400000	25	1	502.0	4.2	48.0	3	4
51347001	Active	503.500000	37	5	848.0	5.9	83.2	3	6
51347002	Active	503.500000	37	5	856.0	5.9	83.2	3	6
52918523	Active	654.700000	46	9	1210.0	4.1	146.0	2	10
52943487	Inactive	345.500000	25	1	582.0	4.5	64.2	2	3
53316621	Active	404.500000	28	6	606.0	3.7	89.8	1	7
53316851	Active	404.500000	28	6	606.0	3.7	89.8	1	7
53316852	Active	387.500000	27	6	574.0	2.9	103.0	1	7
53317029	Active	338.400000	25	1	498.0	4.5	48.0	3	3
53317030	Active	342.400000	25	1	502.0	4.2	48.0	3	4
53317031	Active	360.400000	26	1	533.0	4.3	48.0	3	5
53317043	Active	548.700000	39	10	917.0	5.1	140.0	4	7
53317044	Active	575.800000	41	9	934.0	5.9	108.0	3	7
53317045	Active	498.600000	35	10	876.0	2.3	157.0	4	7
53317533	Active	517.700000	37	9	841.0	6.3	96.4	3	6
53317966	Active	519.700000	37	9	821.0	6.5	96.4	3	6
53318166	Active	423.400000	29	7	625.0	3.8	103.0	1	9
53318167	Active	440.400000	30	6	665.0	2.9	94.5	1	9
53318659	Active	354.900000	25	1	498.0	5.0	48.0	3	2
53318680	Active	519.500000	38	6	867.0	6.0	92.4	3	7
53319309	Active	492.600000	35	8	770.0	5.7	93.6	2	6
53319310	Active	540.700000	37	8	959.0	5.0	127.0	2	7
53319665	Active	371.500000	28	2	650.0	4.5	71.8	3	3
53319666	Active	354.900000	25	1	498.0	5.0	48.0	3	2
53320355	Active	433.900000	30	3	654.0	5.3	66.2	3	5
53320607	Active	487.600000	35	7	847.0	5.5	108.0	2	6
53320608	Active	534.700000	38	10	878.0	4.7	140.0	4	7
53320971	Active	419.600000	31	4	658.0	5.4	69.6	3	4
53320972	Active	453.600000	34	5	706.0	5.9	69.6	3	4
53321440	Active	480.600000	34	7	757.0	5.9	84.4	2	6
53321674	Active	548.700000	39	10	909.0	5.1	140.0	4	7
53321685	Active	560.400000	38	5	856.0	7.4	75.4	3	6
53321912	Active	569.400000	38	8	794.0	6.4	70.4	2	8
53321913	Active	480.600000	34	7	765.0	5.9	84.4	2	6
53322135	Active	372.400000	26	6	542.0	3.2	89.8	1	6
53322300	Active	334.500000	25	1	492.0	4.8	48.0	3	2
53322303	Active	345.400000	26	1	581.0	4.1	71.8	3	3
53322313	Active	534.700000	38	10	886.0	4.7	140.0	4	7
53322314	Active	469.600000	33	9	782.0	3.7	114.0	3	6
53322904	Active	471.600000	33	10	741.0	4.1	114.0	3	6
53323256	Active	480.600000	34	7	757.0	5.9	84.4	2	6
53323257	Active	492.600000	35	8	778.0	5.7	93.6	2	6
53323258	Active	491.600000	35	8	769.0	5.8	96.4	3	6
53323259	Active	519.700000	37	9	813.0	6.5	96.4	3	6
53323475	Active	361.400000	25	5	545.0	2.5	107.0	1	7
53323476	Active	342.400000	24	5	491.0	3.3	80.6	1	5
53323657	Active	338.400000	25	1	498.0	4.5	48.0	3	3
53323670	Active	517.700000	37	9	849.0	6.3	96.4	3	6
53323671	Active	548.700000	39	10	917.0	5.1	140.0	4	7
53323672	Active	512.600000	36	10	907.0	2.5	148.0	3	7
53323962	Active	521.000000	37	4	891.0	6.5	89.9	3	6
53324599	Active	548.700000	39	10	909.0	5.1	140.0	4	7
53324954	Active	443.600000	31	8	710.0	3.2	114.0	3	6
53325583	Active	390.400000	27	6	577.0	3.3	89.8	1	7
53325612	Active	440.300000	28	6	595.0	5.3	63.8	1	5
53326069	Active	412.500000	29	6	695.0	2.6	127.0	1	8
53326228	Active	377.500000	28	3	580.0	4.4	69.6	3	4
53326229	Active	391.500000	29	4	595.0	4.8	69.6	3	4
53326231	Active	358.800000	25	1	504.0	4.8	48.0	3	3
53326232	Active	376.800000	26	1	536.0	4.9	48.0	3	4
53326245	Active	471.600000	33	9	754.0	4.0	114.0	3	6
53326246	Active	498.600000	35	10	876.0	2.3	157.0	4	7
53326247	Active	524.600000	37	9	953.0	2.6	148.0	3	7
53326538	Active	505.500000	37	4	848.0	6.0	84.6	3	7
53483966	Active	673.200000	46	6	1310.0	5.700	139.0	3	10
53875787	Active	311.300000	22	1	488.0	4.0	38.3	1	6
56589543	Active	293.400000	22	4	410.0	4.4	29.5	0	3
56593851	Active	471.600000	34	5	713.0	4.8	109.0	1	7
56593853	Active	470.500000	34	5	756.0	4.4	122.0	1	7
56593854	Active	504.600000	36	6	773.0	5.6	115.0	1	8
56593984	Active	499.600000	36	5	802.0	4.1	126.0	1	7
56594118	Active	513.600000	37	6	820.0	4.5	126.0	1	7
56594268	Active	541.600000	39	5	878.0	3.8	135.0	1	8
56594269	Active	559.600000	40	5	923.0	3.9	135.0	1	9
56594270	Active	543.600000	39	5	904.0	4.7	126.0	1	8
56594271	Active	579.600000	41	5	991.0	5.0	126.0	1	10
56594272	Active	596.000000	41	5	994.0	5.6	126.0	1	9
56594518	Active	500.600000	36	5	805.0	3.2	138.0	1	8
56594613	Active	299.400000	21	4	408.0	4.1	57.8	0	4
56661440	Active	592.600000	43	5	1210.0	4.900	102.0	2	9
56664884	Active	606.700000	44	5	1240.0	5.000	113.0	3	9
56668302	Active	576.600000	42	4	1190.0	5.000	93.1	2	8
56671781	Active	599.700000	43	5	1210.0	2.900	106.0	2	10
56671782	Active	654.800000	45	6	1270.0	6.000	144.0	2	10
56671783	Active	622.700000	44	6	1230.0	5.400	118.0	2	9
56675193	Active	638.700000	45	6	1260.0	5.000	139.0	3	10
56681836	Active	590.700000	43	5	1200.0	5.300	93.1	2	8
56681837	Active	622.700000	44	6	1230.0	5.400	118.0	2	9
56681838	Active	638.700000	45	6	1270.0	5.000	139.0	3	10
56925477	Active	362.400000	26	2	580.0	3.2	93.8	1	5
56925478	Active	372.400000	27	2	589.0	4.3	76.0	1	4
56925669	Active	381.400000	27	2	623.0	2.7	107.0	1	7
56925791	Active	323.300000	24	2	469.0	3.0	56.2	1	4
56926011	Active	425.800000	29	2	625.0	4.5	56.2	1	7
56949326	Active	562.700000	42	8	1010.0	5.5	113.0	3	5
57390301	Active	486.600000	35	6	729.0	5.5	115.0	1	7
57390331	Active	600.700000	43	7	1180.0	5.900	145.0	1	9
57390332	Active	606.800000	42	7	1170.0	6.300	173.0	1	10
57390369	Active	583.800000	40	7	1100.0	6.400	160.0	1	9
57390753	Active	495.500000	36	2	1100.0	4.4	63.3	1	7
57390754	Active	454.600000	34	3	1030.0	3.5	72.2	1	4
57391329	Active	517.700000	37	4	1020.0	4.400	113.0	2	6
57391330	Active	518.700000	37	4	1030.0	3.900	126.0	2	7
57392164	Active	562.700000	40	7	1130.0	4.600	145.0	1	9
57392560	Active	455.600000	34	3	1010.0	4.3	63.3	1	4
57392780	Active	437.500000	31	7	599.0	6.7	45.2	2	6
57392781	Active	434.400000	31	6	676.0	5.6	69.0	2	7
57392782	Active	506.500000	35	6	941.0	4.8	112.0	2	8
57393091	Active	494.600000	35	4	985.0	3.400	139.0	2	8
57393863	Active	599.700000	43	7	1170.0	6.800	132.0	1	8
57393864	Active	550.700000	39	7	1040.0	4.900	145.0	1	9
57394288	Active	441.600000	33	2	997.0	3.9	63.3	1	4
57394501	Active	409.400000	29	6	555.0	5.9	45.2	2	6
57394818	Active	503.700000	36	4	993.0	4.600	113.0	2	6
57394819	Active	510.700000	35	4	986.0	4.000	154.0	2	8
57394833	Active	524.700000	36	4	1020.0	4.000	154.0	2	8
57394834	Active	534.700000	38	5	1040.0	3.700	139.0	2	8
57395566	Active	456.600000	33	5	683.0	5.5	105.0	1	6
57395588	Active	509.700000	35	4	982.0	4.800	141.0	2	7
57395589	Active	589.700000	42	7	1160.0	6.400	145.0	1	9
57395590	Active	605.800000	42	7	1160.0	7.000	160.0	1	9
57395657	Active	597.700000	43	7	1220.0	6.100	132.0	1	8
57396254	Active	434.400000	31	6	676.0	5.6	69.0	2	7
57396585	Active	520.700000	37	5	1030.0	4.100	118.0	2	6
57396586	Active	535.700000	37	5	1010.0	5.000	141.0	2	7
57396601	Active	523.700000	36	4	1010.0	4.700	141.0	2	7
57396602	Active	507.600000	36	4	1010.0	4.100	126.0	2	7
57396603	Active	481.600000	34	4	931.0	3.600	113.0	2	6
57398040	Active	531.600000	38	6	864.0	4.6	126.0	1	8
57398362	Active	493.600000	35	4	986.0	3.100	142.0	3	7
57398378	Active	517.700000	37	4	1020.0	4.500	113.0	2	6
57398379	Active	518.700000	37	4	1030.0	3.500	126.0	2	7
57399054	Active	470.600000	34	6	698.0	6.0	105.0	1	6
57399075	Active	599.700000	43	7	1170.0	6.800	132.0	1	8
57399499	Active	522.600000	38	3	1160.0	4.4	72.2	1	7
57400021	Active	504.600000	36	4	998.0	3.900	126.0	2	7
57400033	Active	520.700000	37	4	1040.0	3.800	118.0	2	6
57400034	Active	508.600000	36	4	1020.0	3.300	139.0	2	8
57400817	Active	529.700000	36	4	993.0	4.800	141.0	2	8
57400818	Active	559.700000	38	4	1100.0	5.100	141.0	2	9
57400819	Active	523.700000	36	4	1010.0	5.100	141.0	2	7
57400871	Active	603.800000	42	7	1200.0	6.6	160.0	1	9
57401459	Active	517.600000	37	5	847.0	4.2	126.0	1	8
57401460	Active	548.100000	38	6	864.0	5.1	126.0	1	7
57401833	Active	468.600000	33	4	905.0	3.000	126.0	2	7
57402578	Active	558.200000	37	4	1070.0	5.100	141.0	2	7
57402579	Active	602.700000	43	7	1190.0	6.100	137.0	1	8
57403004	Active	427.500000	32	2	966.0	3.5	63.3	1	4
57403199	Active	513.600000	37	6	820.0	4.5	126.0	1	7
57403536	Active	506.700000	36	4	1010.0	3.800	118.0	2	6
57403537	Active	493.600000	35	4	980.0	4.100	126.0	2	7
57403538	Active	453.600000	32	4	870.0	3.200	113.0	2	6
57403554	Active	506.700000	36	4	1010.0	3.800	129.0	3	6
57473899	Active	452.300000	28	5	647.0	5.3	96.4	3	7
57474008	Active	435.500000	30	5	746.0	5.0	94.1	2	7
57651527	Active	436.500000	31	7	679.0	3.9	94.5	1	6
57651532	Active	370.500000	26	6	548.0	4.0	76.7	1	5
57651533	Active	372.500000	26	6	550.0	4.2	79.6	2	4
57651538	Active	383.500000	27	6	565.0	4.4	79.5	2	5
57651564	Active	397.500000	28	6	593.0	4.7	79.5	2	5
57651578	Active	445.700000	27	6	577.0	5.1	76.7	1	5
57651588	Active	384.500000	27	6	565.0	4.3	76.7	1	5
57651604	Active	372.500000	26	6	552.0	3.7	95.3	3	5
57651617	Active	370.500000	26	6	548.0	3.9	76.7	1	5
57651649	Active	397.500000	28	6	593.0	4.8	79.5	2	5
57651658	Active	425.300000	27	6	586.0	4.9	76.7	1	5
57666299	Active	445.900000	32	2	756.0	6.3	50.7	2	4
57666309	Active	487.600000	37	3	865.0	7.3	50.7	2	4
57666312	Active	459.500000	34	3	812.0	4.9	71.0	3	6
57666322	Active	500.600000	37	3	933.0	5.2	71.0	2	6
57666331	Active	445.900000	32	2	764.0	6.3	50.7	2	4
57666350	Active	425.500000	32	2	758.0	6.0	50.7	2	4
57666355	Active	472.500000	35	3	873.0	5.5	83.3	3	7
57666363	Active	514.600000	38	6	886.0	6.4	54.0	2	6
57666378	Active	441.500000	33	3	768.0	5.7	60.0	2	5
57666397	Active	427.500000	32	2	761.0	5.3	71.0	3	5
57666415	Active	425.500000	32	2	750.0	6.0	50.7	2	4
57690890	Active	478.600000	34	8	748.0	5.4	93.6	2	6
57690891	Active	466.600000	33	7	735.0	5.5	84.4	2	6
57690900	Active	511.600000	36	8	839.0	4.0	115.0	2	8
57690902	Active	521.500000	36	7	819.0	6.2	81.6	1	9
57690904	Active	462.600000	33	7	729.0	5.8	84.4	2	5
57690906	Active	449.600000	32	7	702.0	4.3	97.3	2	6
57690907	Active	480.600000	34	7	765.0	5.9	84.4	2	6
57720816	Active	509.600000	37	4	819.0	5.8	75.1	2	7
57720828	Active	594.700000	43	9	970.0	8.4	77.5	1	8
58026134	Active	518.600000	34	7	943.0	3.6	134.0	2	9
58026164	Active	525.600000	36	7	860.0	4.1	104.0	2	9
58026170	Active	483.500000	33	7	830.0	3.2	135.0	3	8
58026176	Active	490.500000	35	7	746.0	3.7	105.0	3	8
58064714	Active	403.500000	30	5	710.0	3.9	105.0	1	6
58064726	Active	404.500000	30	5	712.0	3.2	118.0	1	7
58599563	Active	423.400000	30	5	620.0	4.3	71.0	2	8
58742295	Active	352.500000	26	2	516.0	4.3	60.7	3	3
58742335	Active	353.500000	26	2	522.0	3.2	73.6	3	4
58742348	Active	290.400000	21	1	411.0	3.2	60.7	3	3
58742377	Active	353.500000	26	2	528.0	3.2	73.6	3	4
58742385	Active	359.500000	25	2	519.0	3.3	102.0	3	5
58973277	Active	454.400000	32	3	750.0	4.3	81.6	4	9
59233333	Active	337.500000	25	1	557.0	3.9	46.9	1	3
59233334	Active	359.500000	27	1	615.0	4.5	46.4	1	3
59233337	Active	371.500000	28	1	629.0	4.9	54.9	1	4
59233347	Active	360.500000	27	1	617.0	4.2	59.3	1	4
59233364	Active	360.500000	27	1	617.0	4.7	59.3	1	4
59251049	Active	491.600000	37	8	724.0	7.1	46.9	1	3
59251075	Active	457.600000	34	7	675.0	6.9	46.9	1	3
59251119	Active	483.500000	35	7	701.0	6.6	46.9	1	6
59251186	Active	477.600000	34	8	782.0	5.9	72.4	1	5
59252759	Active	485.600000	35	6	726.0	6.0	101.0	1	6
59252761	Active	454.500000	33	6	671.0	4.7	114.0	1	6
59252776	Active	421.500000	30	7	586.0	3.0	121.0	2	6
59252796	Active	462.600000	33	6	679.0	6.7	88.0	1	5
59252800	Active	422.500000	30	6	598.0	5.6	88.0	1	5
59252821	Active	451.600000	32	7	642.0	5.8	101.0	1	6
59252830	Active	532.500000	34	6	697.0	6.1	101.0	1	5
59252842	Active	395.500000	28	5	557.0	4.1	101.0	1	6
59252846	Active	375.500000	27	5	520.0	4.9	86.0	2	3
59252850	Active	485.600000	35	7	712.0	5.9	101.0	1	6
59252853	Active	467.600000	34	7	678.0	5.4	101.0	1	5
59252854	Active	471.600000	34	6	697.0	5.1	101.0	1	6
59252882	Active	469.600000	34	6	691.0	6.6	75.2	1	4
59272917	Active	654.700000	46	9	1210.0	4.1	146.0	2	10
59272918	Active	620.600000	45	9	1080.0	4.6	130.0	2	10
59272923	Active	606.600000	44	9	1010.0	4.3	113.0	2	9
59339621	Active	508.500000	37	6	778.0	6.0	69.0	1	8
59339738	Active	471.500000	35	7	703.0	4.8	95.1	1	7
59419621	Active	376.500000	27	5	522.0	4.7	87.5	1	4
59786564	Active	481.600000	34	9	732.0	5.7	81.6	1	6
59786572	Active	467.600000	33	8	717.0	5.2	81.6	1	6
59786577	Active	495.600000	35	11	734.0	6.2	81.6	1	6
59786587	Active	481.600000	34	9	734.0	5.7	81.6	1	6
60026286	Active	437.500000	31	6	614.0	5.8	61.8	2	7
60026377	Active	447.500000	32	6	620.0	4.9	61.4	2	7
60026481	Active	408.400000	29	5	570.0	5.6	48.9	2	6
60026483	Active	470.500000	34	6	680.0	6.9	48.9	2	6
60026592	Active	397.400000	28	5	548.0	4.0	82.0	3	8
60026641	Active	465.500000	33	6	658.0	5.0	61.4	2	8
60026675	Active	471.500000	34	6	683.0	6.2	61.8	2	7
60026772	Active	397.400000	28	5	548.0	4.0	82.0	3	8
60026787	Active	495.500000	35	7	706.0	4.9	70.6	2	9
60026802	Active	465.500000	33	6	650.0	5.0	61.4	2	8
60026817	Active	471.500000	34	6	683.0	6.3	61.8	2	7
60026849	Active	409.400000	29	5	573.0	4.9	74.9	3	7
60026878	Active	464.500000	33	6	671.0	5.6	65.0	2	8
60026895	Active	408.400000	29	5	570.0	5.6	48.9	2	6
60168629	Active	381.400000	28	5	804.0	2.7	81.7	1	6
67041274	Active	606.600000	44	9	1010.0	4.6	113.0	2	9
67053383	Active	515.500000	35	8	879.0	3.7	135.0	3	9
67053425	Active	497.500000	34	8	845.0	3.6	135.0	3	8
67472770	Active	522.600000	38	6	815.0	6.8	62.2	2	6
68226610	Active	492.500000	36	4	826.0	5.9	62.2	2	6
68226933	Active	508.500000	37	4	860.0	5.0	79.3	2	7
68833523	Active	350.400000	26	2	554.0	4.0	60.7	3	3
69075970	Active	367.400000	26	6	609.0	3.0	101.0	1	6
69571559	Active	437.500000	31	6	614.0	5.7	52.2	2	7
70681366	Active	468.600000	34	3	871.0	3.600	95.6	3	5
70681401	Active	629.800000	44	5	1170.0	7.0	142.0	2	8
70681433	Active	522.700000	37	5	968.0	3.800	139.0	2	8
70682700	Active	645.300000	38	9	733.0	8.3	49.8	1	6
70683461	Active	462.600000	34	3	871.0	3.500	95.6	3	5
70683462	Active	555.700000	40	5	1020.0	5.3	114.0	2	6
70683502	Active	617.900000	43	5	1130.0	6.9	142.0	2	7
70683527	Active	614.700000	44	5	1170.0	5.6	140.0	2	9
70683528	Active	574.700000	41	5	1050.0	4.8	126.0	2	8
70684785	Active	651.700000	37	9	710.0	8.2	49.8	1	6
70685568	Active	614.800000	44	5	1160.0	6.0	119.0	2	6
70685569	Active	601.800000	43	5	1130.0	6.3	127.0	2	7
70685580	Active	634.800000	46	7	1220.0	6.7	119.0	2	6
70685600	Active	613.700000	44	5	1170.0	6.4	126.0	2	8
70685628	Active	573.700000	41	5	1050.0	5.4	114.0	2	7
70685651	Active	506.700000	36	4	956.0	3.600	126.0	2	7
70687711	Active	561.800000	40	5	1020.0	5.4	114.0	2	6
70687712	Active	562.800000	40	5	1010.0	4.7	126.0	2	7
70687725	Active	611.800000	43	5	1130.0	6.9	142.0	2	7
70687751	Active	641.800000	45	6	1180.0	6.8	151.0	2	8
70687776	Active	607.700000	45	5	1180.0	6.2	97.5	2	7
70687805	Active	489.700000	33	4	878.0	4.100	141.0	2	7
70687806	Active	505.700000	36	4	951.0	4.600	113.0	2	6
70687807	Active	455.600000	32	4	829.0	3.200	113.0	2	6
70689008	Active	635.300000	37	9	707.0	7.7	49.8	1	7
70689009	Active	696.200000	37	9	707.0	8.3	49.8	1	6
70689010	Active	631.300000	37	9	703.0	8.0	49.8	1	6
70689011	Active	677.300000	40	11	769.0	7.6	68.2	1	8
70689757	Active	605.800000	44	5	1140.0	6.7	114.0	2	6
70689778	Active	611.800000	44	5	1140.0	6.7	114.0	2	6
70689802	Active	619.800000	43	5	1130.0	5.5	151.0	2	8
70689803	Active	626.800000	45	5	1200.0	6.0	119.0	2	7
70689821	Active	623.800000	45	5	1180.0	6.8	114.0	2	7
70689840	Active	512.700000	35	4	944.0	4.000	154.0	2	8
70689841	Active	469.600000	33	4	859.0	3.600	113.0	2	6
70691113	Active	423.500000	32	9	539.0	6.0	49.8	1	4
70691114	Active	617.300000	36	9	668.0	7.6	49.8	1	6
70691115	Active	686.200000	38	9	744.0	8.9	49.8	1	6
70691918	Active	606.800000	44	5	1150.0	5.7	126.0	2	7
70691919	Active	590.700000	44	5	1140.0	5.1	110.0	2	7
70691920	Active	595.900000	41	5	1070.0	6.3	142.0	2	7
70691940	Active	612.800000	43	5	1140.0	6.1	155.0	2	8
70691941	Active	610.700000	45	5	1200.0	5.5	102.0	2	7
70691942	Active	622.800000	45	5	1180.0	7.4	101.0	2	6
70691967	Active	624.800000	45	5	1180.0	5.8	126.0	2	8
70691968	Active	623.800000	45	5	1180.0	6.7	114.0	2	7
70691995	Active	495.600000	35	4	938.0	4.100	126.0	2	7
70691996	Active	523.500000	34	4	894.0	5.200	99.9	2	5
70693235	Active	599.300000	35	9	644.0	7.5	49.8	1	5
70693236	Active	600.600000	42	12	953.0	5.8	114.0	2	11
70693237	Active	647.300000	38	10	721.0	7.6	59.0	1	7
70693238	Active	685.300000	40	9	793.0	8.5	49.8	1	9
70693239	Active	753.300000	44	9	913.0	9.4	49.8	1	12
70693965	Active	608.800000	44	5	1160.0	5.9	119.0	2	6
70693966	Active	596.700000	43	5	1130.0	5.5	140.0	2	8
70693992	Active	606.700000	45	5	1170.0	6.9	84.6	2	6
70694011	Active	608.700000	45	5	1180.0	5.2	110.0	2	8
70695317	Active	775.100000	38	9	740.0	9.0	49.8	1	6
70696092	Active	612.800000	44	5	1150.0	5.7	126.0	2	7
70696161	Active	522.700000	37	4	1020.0	4.2	118.0	2	6
70696162	Active	496.600000	35	4	943.0	3.400	139.0	2	8
70697331	Active	581.300000	34	9	603.0	7.4	49.8	1	4
70697332	Active	653.300000	38	9	740.0	7.8	49.8	1	8
71452686	Active	311.300000	22	1	488.0	4.0	38.3	1	6
71461616	Active	325.320000	23	2	503.0	4.4	38.3	1	6
71508688	Active	1154.500000	81	12	2300.0	6.800	247.0	7	19
71508715	Active	1186.900000	82	12	2360.0	4.3	267.0	8	19
71508790	Active	994.300000	70	9	1960.0	3.5	239.0	8	16
71508832	Active	1012.300000	71	9	2020.0	3.4	239.0	8	17
71508833	Active	1028.700000	71	9	2020.0	3.7	239.0	8	16
71519686	Active	497.400000	36	5	828.0	5.7	75.3	1	8
71549558	Active	463.900000	33	5	742.0	5.4	75.3	1	5
71549829	Active	514.500000	38	6	858.0	4.5	87.8	1	7
71550242	Active	506.500000	38	6	860.0	5.3	88.2	1	6
71550244	Active	495.500000	37	6	848.0	4.7	104.0	2	6
71712294	Active	464.500000	34	5	750.0	4.2	116.0	2	7
72163479	Active	353.300000	26	2	636.0	2.7	64.6	1	5
72163480	Active	339.300000	25	2	596.0	2.5	64.6	1	5
72163621	Active	353.300000	26	3	611.0	3.0	64.6	1	5
72163622	Active	352.400000	26	2	627.0	2.1	58.6	1	4
72163623	Active	366.400000	27	3	641.0	2.5	58.6	1	4
72163624	Active	378.400000	28	3	696.0	2.6	58.6	1	4
72163626	Active	338.300000	25	2	598.0	1.9	67.4	2	4
72163627	Active	352.400000	26	2	627.0	2.3	67.4	2	4
72163754	Active	356.300000	26	2	630.0	2.0	67.4	2	5
72163755	Active	372.800000	26	2	632.0	2.5	67.4	2	4
72188914	Active	471.600000	34	6	697.0	5.6	101.0	1	6
72188915	Active	471.600000	34	6	697.0	5.6	101.0	1	6
72188916	Active	470.600000	34	6	694.0	6.1	88.0	1	5
72189208	Active	470.600000	34	6	694.0	6.1	88.0	1	5
72192289	Active	377.500000	27	5	525.0	3.8	112.0	2	5
72192290	Active	454.500000	33	6	671.0	4.4	114.0	1	6
72544603	Active	377.400000	26	5	563.0	3.1	72.4	1	6
72724690	Active	375.500000	26	6	532.0	5.3	74.8	2	4
72725497	Active	375.500000	26	6	532.0	5.3	74.8	2	4
72725550	Active	375.500000	26	6	520.0	5.3	74.8	2	4
72725551	Active	397.500000	28	6	590.0	5.8	74.8	2	4
72736045	Active	457.500000	33	6	657.0	5.2	101.0	1	6
73346216	Active	478.500000	34	8	664.0	6.7	59.0	2	6
73346225	Active	454.500000	34	6	687.0	5.5	77.6	1	5
73349253	Active	505.500000	35	8	777.0	6.1	72.4	1	8
73350834	Active	469.500000	34	7	661.0	6.2	46.9	1	6
73350835	Active	452.600000	33	8	639.0	6.6	59.0	2	3
73352322	Active	437.500000	31	7	671.0	4.9	72.4	1	5
73353799	Active	434.600000	31	8	637.0	3.3	116.0	2	6
73355320	Active	451.600000	32	8	686.0	5.3	72.4	1	5
73356866	Active	463.500000	33	8	646.0	6.8	46.9	1	6
76073580	Active	510.500000	37	4	819.0	5.1	74.8	2	6
76314656	Active	480.500000	34	6	690.0	4.8	74.3	2	9
76314657	Active	441.500000	30	6	710.0	3.5	104.0	2	8
76314998	Active	992.300000	71	21	1810.0	9.6	183.0	5	11
76317198	Active	398.300000	25	5	557.0	4.5	96.4	3	4
76318225	Active	471.500000	34	6	683.0	6.3	61.8	2	7
76318649	Active	992.300000	71	21	1820.0	9.6	183.0	5	11
76321918	Active	377.400000	27	5	513.0	4.6	61.8	2	6
76329113	Active	441.500000	30	6	710.0	3.5	104.0	2	8
76329114	Active	395.400000	28	5	544.0	4.3	61.8	2	7
76329495	Active	1014.300000	72	20	1880.0	9.5	183.0	5	13
76332766	Active	472.500000	34	6	692.0	5.3	74.7	2	8
76332767	Active	528.600000	36	6	870.0	4.3	108.0	2	10
76336757	Active	978.300000	70	20	1790.0	9.3	183.0	5	11
86280440	Active	509.600000	36	9	800.0	5.2	82.8	2	6
86287635	Active	442.500000	32	5	705.0	2.9	56.3	2	6
87591264	Active	316.400000	23	2	476.0	3.6	60.7	3	3
89574668	Active	537.600000	39	6	849.0	6.6	75.1	2	7
89574672	Active	510.500000	37	4	819.0	4.8	82.4	3	7
90165578	Active	476.600000	35	5	744.0	5.8	62.2	2	5
90165622	Active	494.500000	36	4	785.0	6.1	62.2	2	6
90654508	Active	382.500000	28	6	531.0	5.9	48.9	2	3
90656551	Active	383.500000	27	6	565.0	4.4	79.5	2	5
90656552	Active	383.500000	27	6	565.0	4.3	79.5	2	5
90656556	Active	428.500000	30	7	664.0	3.4	94.5	1	6
90656557	Active	361.500000	25	6	494.0	4.8	63.8	1	4
90662883	Active	610.600000	44	5	1410.0	3.700	144.0	2	11
102313488	Active	321.400000	24	4	548.0	3.2	58.3	0	4
117917065	Active	517.500000	38	4	885.0	3.3	97.8	1	7
117917077	Active	475.500000	35	4	810.0	3.7	88.6	1	6
117917098	Active	500.500000	37	4	852.0	3.2	124.0	2	6
118707969	Active	501.500000	37	4	867.0	4.2	88.6	1	6
118707970	Active	545.600000	40	5	930.0	4.4	97.8	1	7
118707971	Active	543.600000	40	5	959.0	3.8	97.8	1	7
118707972	Active	557.600000	41	5	974.0	4.3	97.8	1	7
118707973	Active	546.600000	40	4	933.0	3.3	101.0	1	7
118707974	Active	532.600000	39	4	904.0	3.7	110.0	2	7
118707975	Active	546.600000	40	5	920.0	4.1	110.0	2	7
118707976	Active	572.600000	42	5	993.0	4.6	110.0	2	7
118707978	Active	518.500000	38	4	889.0	3.3	124.0	2	7
118707979	Active	559.600000	40	5	915.0	3.9	135.0	1	9
118707980	Active	502.500000	37	4	870.0	4.2	115.0	2	6
118707981	Active	484.500000	36	4	833.0	4.1	115.0	2	5
118707982	Active	520.500000	38	4	911.0	4.2	115.0	2	7
118707983	Active	503.500000	37	4	881.0	3.4	128.0	2	7
118707984	Active	519.500000	38	4	899.0	2.6	137.0	2	8
118707985	Active	464.500000	34	4	778.0	2.9	127.0	3	7
118723171	Active	437.400000	31	6	659.0	4.5	92.0	3	7
118723172	Active	463.500000	33	6	659.0	4.5	81.6	3	8
118723173	Active	526.600000	36	7	862.0	3.4	130.0	3	10
118723174	Active	490.500000	35	7	746.0	3.7	105.0	3	8
118723175	Active	525.600000	36	7	860.0	4.1	104.0	2	9
118735262	Active	302.400000	22	2	450.0	3.4	60.7	3	3
118735264	Active	470.600000	35	5	799.0	4.9	83.8	2	5
122178361	Active	510.500000	38	6	879.0	5.3	101.0	1	7
122179356	Active	298.400000	22	1	460.0	3.8	55.1	1	4
122179357	Active	332.800000	23	1	493.0	4.4	55.1	1	4
122179359	Active	352.500000	26	1	573.0	5.2	55.1	1	4
122179360	Active	337.500000	25	1	557.0	4.1	46.9	1	3
122186741	Active	523.700000	37	9	838.0	5.7	82.8	2	6
122186742	Active	466.600000	33	7	736.0	5.8	79.6	2	5
122186744	Active	366.400000	25	4	571.0	3.2	79.6	2	6
122186745	Active	350.800000	23	4	510.0	3.2	79.6	2	4
122186747	Active	320.800000	21	3	465.0	3.3	70.3	2	3
122186748	Active	316.400000	22	4	476.0	2.6	79.6	2	4
127029884	Active	470.500000	32	2	832.0	4.2	108.0	1	7
134133225	Active	495.600000	35	9	799.0	4.9	90.8	1	7
134137487	Active	503.000000	33	8	634.0	6.1	79.7	2	9
134146077	Active	471.500000	35	7	703.0	5.2	95.1	1	7
134149846	Active	430.500000	32	7	639.0	4.0	69.0	1	5
135459005	Inactive	385.200000	24	3	473.0	4.6	81.9	3	4
135513268	Inactive	320.310000	21	2	454.0	3.7	66.8	1	7
135571931	Inactive	390.400000	29	5	586.0	4.4	93.3	2	6
136000568	Active	399.400000	29	3	631.0	4.7	69.6	3	6
136000655	Active	355.400000	26	2	555.0	4.5	49.4	2	5
136000656	Active	427.500000	31	4	686.0	4.8	69.6	3	6
136059148	Active	411.500000	30	3	661.0	5.9	49.4	2	5
136059149	Active	431.900000	30	3	667.0	6.2	49.4	2	5
136059150	Active	385.400000	28	2	617.0	4.4	69.6	3	6
136088946	Active	397.500000	29	3	625.0	5.7	49.4	2	5
136088947	Active	405.800000	28	2	622.0	4.6	69.6	3	6
136088948	Active	397.500000	29	3	632.0	5.5	49.4	2	5
136088949	Active	455.500000	33	5	774.0	5.4	75.7	2	7
136088950	Active	445.500000	33	4	710.0	6.4	49.4	2	5
136088951	Active	431.500000	32	3	695.0	6.5	49.4	2	5
136088952	Active	369.400000	27	3	570.0	4.9	49.4	2	5
136254190	Active	640.800000	46	5	1320.0	5.4	142.0	3	8
