output_maccs:Train	  0.732687    0.787229    0.467577    0.684211    0.781163    0.732687
output_maccs:Test	  0.693878    0.842933    0.315550    0.825000    0.678977    0.751989
output_maccs:Ext1	  0.615789    0.551958    0.114297    0.541667    0.626506    0.584086
output_maccs:Ext2	  0.894737    0.797222    0.356686    0.911111    0.600000    0.755556
output_top:Train	  0.742382    0.789347    0.491145    0.662050    0.822715    0.742382
output_top:Test	  0.801706    0.826561    0.332766    0.682927    0.813084    0.748005
output_top:Ext1	  0.685446    0.483191   -0.037463    0.200000    0.750000    0.475000
output_top:Ext2	  0.464789    0.429545   -0.066738    0.469697    0.400000    0.434848
output_ecfp:Train	  0.713296    0.776997    0.435091    0.614958    0.811634    0.713296
output_ecfp:Test	  0.784351    0.792961    0.334163    0.756098    0.786749    0.771424
output_ecfp:Ext1	  0.718412    0.497107   -0.005434    0.200000    0.793388    0.496694
output_ecfp:Ext2	  0.824859    0.792146    0.165777    0.827586    0.666667    0.747126
output_fcfp:Train	  0.707756    0.776299    0.438349    0.548476    0.867036    0.707756
output_fcfp:Test	  0.835294    0.797545    0.340129    0.634146    0.852878    0.743512
output_fcfp:Ext1	  0.690647    0.564139    0.026386    0.285714    0.748971    0.517343
output_fcfp:Ext2	  0.703518    0.455782   -0.077421    0.714286    0.000000    0.357143
output_pub:Train	  0.698061    0.767716    0.447538    0.465374    0.930748    0.698061
output_pub:Test	  0.870455    0.797187    0.376439    0.550000    0.902500    0.726250
output_pub:Ext1	  0.762931    0.607076    0.076695    0.269231    0.825243    0.547237
output_pub:Ext2	  0.510870    0.575639   -0.044072    0.517045    0.375000    0.446023
