output_maccs:Train	  0.997230    0.999724    0.994475    1.000000    0.994460    0.997230
output_maccs:Test	  0.831633    0.961186    0.541880    0.975000    0.815341    0.895170
output_maccs:Ext1	  0.663158    0.640688    0.131262    0.500000    0.686747    0.593373
output_maccs:Ext2	  0.915789    0.657500   -0.042563    0.966667    0.000000    0.483333
output_top:Train	  0.998615    0.999923    0.997234    1.000000    0.997230    0.998615
output_top:Test	  0.884861    0.969341    0.592626    0.951220    0.878505    0.914862
output_top:Ext1	  0.737089    0.636064    0.112600    0.360000    0.787234    0.573617
output_top:Ext2	  0.929577    0.929167    0.000000    1.000000    0.000000    0.500000
output_ecfp:Train	  1.000000    1.000000    1.000000    1.000000    1.000000    1.000000
output_ecfp:Test	  0.807252    0.972504    0.466466    0.975610    0.792961    0.884285
output_ecfp:Ext1	  0.638989    0.599823    0.051748    0.400000    0.673554    0.536777
output_ecfp:Ext2	  0.723164    0.697318    0.018355    0.729885    0.333333    0.531609
output_fcfp:Train	  0.998615    0.999996    0.997234    0.997230    1.000000    0.998615
output_fcfp:Test	  0.864706    0.980732    0.541678    0.951220    0.857143    0.904181
output_fcfp:Ext1	  0.676259    0.584539    0.049381    0.342857    0.724280    0.533568
output_fcfp:Ext2	  0.773869    0.683673   -0.063989    0.785714    0.000000    0.392857
output_pub:Train	  0.998615    0.999877    0.997234    1.000000    0.997230    0.998615
output_pub:Test	  0.850000    0.944625    0.538181    0.950000    0.840000    0.895000
output_pub:Ext1	  0.668103    0.628827    0.082946    0.423077    0.699029    0.561053
output_pub:Ext2	  0.793478    0.743608    0.035825    0.818182    0.250000    0.534091
