output_maccs:Train	  0.981994    0.997802    0.964081    0.975069    0.988920    0.981994
output_maccs:Test	  0.857143    0.953054    0.580471    0.975000    0.843750    0.909375
output_maccs:Ext1	  0.673684    0.647841    0.188439    0.583333    0.686747    0.635040
output_maccs:Ext2	  0.894737    0.761111   -0.055556    0.944444    0.000000    0.472222
output_top:Train	  0.889197    0.978499    0.786597    0.961219    0.817175    0.889197
output_top:Test	  0.714286    0.934124    0.365199    0.926829    0.693925    0.810377
output_top:Ext1	  0.619718    0.628617    0.101190    0.520000    0.632979    0.576489
output_top:Ext2	  0.936620    0.985606    0.305969    1.000000    0.100000    0.550000
output_ecfp:Train	  0.861496    0.936465    0.726220    0.814404    0.908587    0.861496
output_ecfp:Test	  0.746183    0.867141    0.307617    0.780488    0.743271    0.761880
output_ecfp:Ext1	  0.653430    0.603778    0.114366    0.485714    0.677686    0.581700
output_ecfp:Ext2	  0.700565    0.666667    0.011401    0.706897    0.333333    0.520115
output_fcfp:Train	  0.803324    0.887098    0.612552    0.734072    0.872576    0.803324
output_fcfp:Test	  0.800000    0.906079    0.392001    0.829268    0.797441    0.813355
output_fcfp:Ext1	  0.636691    0.603880    0.066447    0.428571    0.666667    0.547619
output_fcfp:Ext2	  0.743719    0.734694   -0.069753    0.755102    0.000000    0.377551
output_pub:Train	  0.997230    0.999962    0.994460    0.997230    0.997230    0.997230
output_pub:Test	  0.852273    0.938375    0.541750    0.950000    0.842500    0.896250
output_pub:Ext1	  0.685345    0.616692    0.141795    0.500000    0.708738    0.604369
output_pub:Ext2	  0.815217    0.821023    0.173154    0.829545    0.500000    0.664773
