output_maccs:Train	  0.997230    0.999981    0.994460    0.997230    0.997230    0.997230
output_maccs:Test	  0.737245    0.966051    0.432205    0.975000    0.710227    0.842614
output_maccs:Ext1	  0.563158    0.639684    0.166473    0.708333    0.542169    0.625251
output_maccs:Ext2	  0.910526    0.745556   -0.046099    0.961111    0.000000    0.480556
output_top:Train	  0.998615    0.999992    0.997234    1.000000    0.997230    0.998615
output_top:Test	  0.946695    0.966663    0.740281    0.926829    0.948598    0.937714
output_top:Ext1	  0.802817    0.642553    0.166359    0.320000    0.867021    0.593511
output_top:Ext2	  0.943662    0.991667    0.452200    0.992424    0.300000    0.646212
output_ecfp:Train	  1.000000    1.000000    1.000000    1.000000    1.000000    1.000000
output_ecfp:Test	  0.814885    0.972226    0.475903    0.975610    0.801242    0.888426
output_ecfp:Ext1	  0.635379    0.602952    0.098741    0.485714    0.657025    0.571370
output_ecfp:Ext2	  0.745763    0.697318    0.025747    0.752874    0.333333    0.543103
output_fcfp:Train	  0.998615    0.999996    0.997234    0.997230    1.000000    0.998615
output_fcfp:Test	  0.807843    0.981720    0.471595    0.975610    0.793177    0.884393
output_fcfp:Ext1	  0.647482    0.563316    0.024478    0.342857    0.691358    0.517108
output_fcfp:Ext2	  0.768844    0.658163    0.031705    0.775510    0.333333    0.554422
output_pub:Train	  0.998615    0.999992    0.997234    1.000000    0.997230    0.998615
output_pub:Test	  0.795455    0.962688    0.464230    0.950000    0.780000    0.865000
output_pub:Ext1	  0.659483    0.598021    0.119563    0.500000    0.679612    0.589806
output_pub:Ext2	  0.902174    0.518821   -0.051111    0.943182    0.000000    0.471591
