output_maccs:Train	  0.704986    0.778627    0.413802    0.637119    0.772853    0.704986
output_maccs:Test	  0.714286    0.808949    0.268468    0.700000    0.715909    0.707955
output_maccs:Ext1	  0.578947    0.667043    0.084513    0.541667    0.584337    0.563002
output_maccs:Ext2	  0.905263    0.711111   -0.049417    0.955556    0.000000    0.477778
output_top:Train	  0.660665    0.710358    0.326018    0.576177    0.745152    0.660665
output_top:Test	  0.906183    0.867392    0.508665    0.658537    0.929907    0.794222
output_top:Ext1	  0.840376    0.623723    0.070661    0.120000    0.936170    0.528085
output_top:Ext2	  0.978873    0.992424    0.867034    0.977273    1.000000    0.988636
output_ecfp:Train	  0.734072    0.852668    0.502974    0.551247    0.916898    0.734072
output_ecfp:Test	  0.919847    0.873605    0.515026    0.634146    0.944099    0.789123
output_ecfp:Ext1	  0.812274    0.603660    0.058191    0.142857    0.909091    0.525974
output_ecfp:Ext2	  0.649718    0.773946    0.085217    0.649425    0.666667    0.658046
output_fcfp:Train	  0.711911    0.809267    0.465950    0.504155    0.919668    0.711911
output_fcfp:Test	  0.937255    0.892142    0.585078    0.634146    0.963753    0.798950
output_fcfp:Ext1	  0.802158    0.638154    0.066973    0.171429    0.893004    0.532216
output_fcfp:Ext2	  0.633166    0.588435   -0.007331    0.637755    0.333333    0.485544
output_pub:Train	  0.716066    0.791856    0.433013    0.684211    0.747922    0.716066
output_pub:Test	  0.740909    0.836312    0.293278    0.725000    0.742500    0.733750
output_pub:Ext1	  0.650862    0.634709    0.068791    0.423077    0.679612    0.551344
output_pub:Ext2	  0.831522    0.679688   -0.006763    0.863636    0.125000    0.494318
