output_maccs:Train	  0.704986    0.778627    0.413802    0.637119    0.772853    0.704986
output_maccs:Test	  0.755282    0.824640    0.258381    0.682927    0.760911    0.721919
output_maccs:Ext1	  0.606707    0.596313    0.070578    0.468085    0.629893    0.548989
output_maccs:Ext2	  0.649038    0.442382   -0.038211    0.654621    0.176471    0.415546
output_maccs:Ext3	  0.641256    0.658611    0.192985    0.648721    0.604027    0.626374
output_top:Train	  0.660665    0.710358    0.326018    0.576177    0.745152    0.660665
output_top:Test	  0.839789    0.788564    0.291724    0.560976    0.861480    0.711228
output_top:Ext1	  0.728659    0.625388    0.139457    0.382979    0.786477    0.584728
output_top:Ext2	  0.900412    0.903569    0.251750    0.901320    0.823529    0.862425
output_top:Ext3	  0.868834    0.888795    0.599209    0.884926    0.788591    0.836758
output_ecfp:Train	  0.734072    0.852668    0.502974    0.551247    0.916898    0.734072
output_ecfp:Test	  0.904930    0.843315    0.404954    0.536585    0.933586    0.735086
output_ecfp:Ext1	  0.756098    0.591997    0.006587    0.148936    0.857651    0.503294
output_ecfp:Ext2	  0.546703    0.516372   -0.008622    0.548297    0.411765    0.480031
output_ecfp:Ext3	  0.585202    0.769995    0.274814    0.535666    0.832215    0.683940
output_fcfp:Train	  0.711911    0.809267    0.465950    0.504155    0.919668    0.711911
output_fcfp:Test	  0.931338    0.815222    0.504486    0.560976    0.960152    0.760564
output_fcfp:Ext1	  0.765244    0.600401    0.068639    0.212766    0.857651    0.535209
output_fcfp:Ext2	  0.471154    0.563749    0.025003    0.469076    0.647059    0.558067
output_fcfp:Ext3	  0.525224    0.716263    0.232555    0.460969    0.845638    0.653303
output_pub:Train	  0.716066    0.791856    0.433013    0.684211    0.747922    0.716066
output_pub:Test	  0.727113    0.793817    0.257382    0.731707    0.726755    0.729231
output_pub:Ext1	  0.615854    0.610888    0.091170    0.489362    0.637011    0.563186
output_pub:Ext2	  0.767170    0.386706   -0.027705    0.774844    0.117647    0.446245
output_pub:Ext3	  0.739350    0.769103    0.304794    0.765814    0.607383    0.686598
output_ecfp:Train	  0.734072    0.852668    0.502974    0.551247    0.916898    0.734072
output_ecfp:Test	  0.904930    0.843315    0.404954    0.536585    0.933586    0.735086
output_ecfp:Ext1	  0.756098    0.591997    0.006587    0.148936    0.857651    0.503294
output_ecfp:Ext2	  0.546703    0.516372   -0.008622    0.548297    0.411765    0.480031
output_ecfp:Ext3	  0.585202    0.769995    0.274814    0.535666    0.832215    0.683940
output_fcfp:Train	  0.711911    0.809267    0.465950    0.504155    0.919668    0.711911
output_fcfp:Test	  0.931338    0.815222    0.504486    0.560976    0.960152    0.760564
output_fcfp:Ext1	  0.765244    0.600401    0.068639    0.212766    0.857651    0.535209
output_fcfp:Ext2	  0.471154    0.563749    0.025003    0.469076    0.647059    0.558067
output_fcfp:Ext3	  0.525224    0.716263    0.232555    0.460969    0.845638    0.653303
output_maccs:Train	  0.704986    0.778627    0.413802    0.637119    0.772853    0.704986
output_maccs:Test	  0.755282    0.824640    0.258381    0.682927    0.760911    0.721919
output_maccs:Ext1	  0.606707    0.596313    0.070578    0.468085    0.629893    0.548989
output_maccs:Ext2	  0.649038    0.442382   -0.038211    0.654621    0.176471    0.415546
output_maccs:Ext3	  0.641256    0.658611    0.192985    0.648721    0.604027    0.626374
output_pub:Train	  0.716066    0.791856    0.433013    0.684211    0.747922    0.716066
output_pub:Test	  0.727113    0.793817    0.257382    0.731707    0.726755    0.729231
output_pub:Ext1	  0.615854    0.610888    0.091170    0.489362    0.637011    0.563186
output_pub:Ext2	  0.767170    0.386706   -0.027705    0.774844    0.117647    0.446245
output_pub:Ext3	  0.739350    0.769103    0.304794    0.765814    0.607383    0.686598
output_top:Train	  0.660665    0.710358    0.326018    0.576177    0.745152    0.660665
output_top:Test	  0.839789    0.788564    0.291724    0.560976    0.861480    0.711228
output_top:Ext1	  0.728659    0.625388    0.139457    0.382979    0.786477    0.584728
output_top:Ext2	  0.900412    0.903569    0.251750    0.901320    0.823529    0.862425
output_top:Ext3	  0.868834    0.888795    0.599209    0.884926    0.788591    0.836758
