output_maccs:Train	  0.966759    0.992377    0.933747    0.955679    0.977839    0.966759
output_maccs:Test	  0.849490    0.961790    0.568344    0.975000    0.835227    0.905114
output_maccs:Ext1	  0.642105    0.626381    0.088615    0.458333    0.668675    0.563504
output_maccs:Ext2	  0.905263    0.363333   -0.049417    0.955556    0.000000    0.477778
output_top:Train	  0.879501    0.949494    0.769347    0.797784    0.961219    0.879501
output_top:Test	  0.923241    0.912127    0.620915    0.804878    0.934579    0.869729
output_top:Ext1	  0.769953    0.611170    0.149227    0.360000    0.824468    0.592234
output_top:Ext2	  0.978873    0.987879    0.846884    0.984848    0.900000    0.942424
output_ecfp:Train	  0.847645    0.926474    0.702618    0.775623    0.919668    0.847645
output_ecfp:Test	  0.780534    0.872797    0.342070    0.780488    0.780538    0.780513
output_ecfp:Ext1	  0.689531    0.606966    0.113831    0.428571    0.727273    0.577922
output_ecfp:Ext2	  0.706215    0.657088    0.013104    0.712644    0.333333    0.522989
output_fcfp:Train	  0.950139    0.992177    0.901163    0.927978    0.972299    0.950139
output_fcfp:Test	  0.837255    0.946435    0.476096    0.902439    0.831557    0.866998
output_fcfp:Ext1	  0.679856    0.588477    0.016768    0.285714    0.736626    0.511170
output_fcfp:Ext2	  0.748744    0.739796    0.116295    0.750000    0.666667    0.708333
output_pub:Train	  0.670360    0.990608    0.453147    0.340720    1.000000    0.670360
output_pub:Test	  0.934091    0.946937    0.506956    0.325000    0.995000    0.660000
output_pub:Ext1	  0.875000    0.650299   -0.040663    0.000000    0.985437    0.492718
output_pub:Ext2	  0.130435    0.428977    0.065795    0.090909    1.000000    0.545455
